9366
1322
80
8868
8514
2426
3384
1690
3827
7114
6162
2326
2570
9736
5505
2444
1547
9706
6783
8535
8032
5872
9034
1375
3674
6545
2748
6359
1042
4912
4676
7583
5695
4389
1023
297
3628
1276
6656
1232
7684
7271
5542
5300
1347
2504
306
2152
7011
6042
7565
1739
1263
2089
6290
5477
1149
6735
8921
1978
6717
2372
3961
7070
30
4248
8231
366
8235
6172
2030
8650
9979
4773
6633
7056
7728
6413
9899
1488
8199
7968
4821
8159
9061
6942
1329
6311
5394
3514
7888
4222
6537
927
6581
7322
2159
6910
127
2420
9954
5854
9968
4532
4592
5205
4298
4311
7527
2927
1013
2205
5708
3524
254
2924
4072
6922
4973
2405
1332
7120
5789
4971
9865
151
3656
3107
3505
9163
6035
224
5167
8353
7602
854
981
5509
7983
526
3034
2702
9440
2824
1831
6043
7222
2599
7760
6677
7081
6836
6560
3556
2235
6737
1863
7203
7370
4614
3056
2390
2068
7917
2853
795
8587
7038
7584
5576
4969
4448
1573
8248
7708
8956
9977
4989
871
1810
4366
3496
9249
730
7895
527
3486
4015
2094
6106
5847
6557
8284
9306
2806
2720
5073
6643
876
3290
4737
3088
1605
893
4591
9322
6457
3303
7918
3106
525
4457
504
4903
7482
1278
6258
2541
2605
3732
8399
4216
2652
8571
6759
4111
651
4027
8274
944
7151
5087
1997
465
6873
4650
5081
8216
8825
8024
5582
2414
9166
8242
3969
7399
549
9661
6342
3746
9774
4673
1715
751
2366
8454
7043
6946
4487
8914
2240
779
5369
392
6648
1479
3100
4316
8044
3069
20
3403
3182
8792
4925
6138
8739
3572
1273
1797
2455
9715
5545
1384
6710
744
3361
7618
3022
9571
2383
9906
4888
9698
3028
9274
304
106
1882
4538
2542
1292
349
4424
675
4936
6764
7098
7745
8847
6929
630
2471
9289
4485
9294
7394
9792
4197
8097
3974
7244
8462
7355
6548
4625
6019
5383
9406
9856
4163
4825
6257
7539
6444
5839
7054
5430
4765
1751
2353
9375
8526
1234
4666
165
1646
7623
7379
3521
4559
7008
8666
9588
656
995
5844
5788
2613
9222
6695
4713
7687
5271
9719
5404
1595
4133
9258
5420
6114
5606
6531
4062
7839
4564
968
6969
186
1250
137
5670
4167
6438
7286
3367
8954
9362
4731
1059
9607
6271
9536
3204
225
8359
4384
9233
7511
6285
4186
5911
5465
8877
1461
6790
1620
1735
5480
1034
3932
3156
4296
3320
7446
5084
9579
2546
8681
988
8434
7809
3471
6051
8264
6374
2319
8794
6366
9285
3451
2812
7525
3874
4000
5546
1901
9511
7567
6837
9812
1360
9281
5889
6058
5611
7492
7727
5796
2734
7767
8217
8433
6431
7788
7991
6746
2320
2197
5198
3474
1954
5559
2818
9535
7789
2261
5999
3347
6100
2564
6943
2313
8505
9925
7596
943
2737
3580
5647
6585
1614
3078
7952
9219
7415
5890
7247
9881
2719
1641
1857
2473
347
567
9414
6455
3917
676
1275
