Multiple size <= 100
TEST 1 ARG:65 46 78 14 57 93 0 32 16 98 74 1 50 52 44 88 51 5 6 43 22 8 84 10 31 9 59 17 35 67 47 63 87 34 18 73 3 76 80 60 71 29 68 36 24 82 91 48 15 2 61 69 92 56 11 49 23 97 45 26 75 4 95 55 25 86 19 94 38 37 99 27 39 53 40 77 70 90 41 58 81 96 54 83 28 13 21 20 64 42 33 62 79 72 85 7 12 89 30 66 
TEST 2 ARG:38 30 99 46 90 9 49 54 34 40 29 2 68 56 0 10 33 44 67 57 60 36 4 98 93 41 70 3 79 91 82 24 7 66 28 21 61 69 85 1 65 59 22 63 8 62 23 15 20 42 13 95 78 73 39 80 5 6 53 89 17 76 77 19 87 96 71 86 25 94 72 81 88 32 74 27 64 45 52 84 43 55 35 83 92 97 26 16 48 18 75 11 51 47 31 37 50 14 58 12 
TEST 3 ARG:28 25 59 3 64 5 38 13 79 21 70 15 61 26 37 67 52 48 57 73 36 17 39 10 22 47 81 46 27 33 74 1 76 77 92 82 14 9 35 18 72 99 19 23 49 63 31 55 7 89 84 50 2 94 83 43 91 44 8 24 68 41 78 60 11 51 85 69 98 62 6 30 34 12 71 58 4 53 40 93 45 65 66 56 0 96 97 90 88 86 20 80 16 29 54 87 32 42 95 75 
TEST 4 ARG:67 63 4 20 72 86 32 66 60 59 30 70 7 89 79 83 8 27 6 85 16 9 55 76 99 75 54 2 93 96 42 49 18 52 71 78 28 81 97 68 91 98 39 11 51 90 45 64 77 56 25 29 58 46 48 87 57 5 1 43 38 22 14 3 80 19 50 17 61 21 34 88 41 69 33 74 95 62 13 44 36 31 82 0 53 40 15 35 10 84 24 47 65 26 12 73 23 94 92 37 
TEST 5 ARG:15 69 79 65 4 85 1 80 82 44 76 30 40 2 72 50 58 53 97 98 32 48 8 56 33 28 70 6 68 64 35 99 45 47 38 5 75 96 66 90 51 23 91 52 73 9 55 62 12 59 81 42 26 24 0 54 46 49 71 63 60 95 10 87 29 41 7 67 89 22 78 20 84 88 27 17 3 31 92 83 39 13 19 74 11 43 21 37 61 94 86 34 36 77 14 57 18 16 93 25 
TEST 6 ARG:67 6 35 65 16 57 13 12 78 56 50 9 72 62 18 81 41 45 71 64 19 8 10 32 63 80 43 1 99 49 95 82 73 2 60 4 26 75 66 39 33 37 47 28 59 51 77 84 53 38 79 44 55 31 94 25 96 46 3 24 87 22 69 61 83 58 30 52 42 17 88 29 40 68 97 76 92 34 90 27 98 14 15 85 36 0 86 74 89 93 70 48 20 54 23 91 21 7 11 5 
TEST 7 ARG:2 38 11 98 56 47 13 36 89 18 97 88 92 1 53 26 49 83 73 42 68 72 65 78 5 93 51 80 21 32 60 29 19 61 90 87 40 52 85 67 7 95 50 54 74 75 86 35 3 37 58 69 48 79 14 15 33 96 9 70 22 0 46 6 23 43 76 30 16 62 17 20 91 25 10 81 94 84 27 44 28 34 24 41 99 45 82 31 59 66 39 4 55 12 63 64 77 8 71 57 
TEST 8 ARG:3 32 91 30 94 40 59 76 38 70 20 6 34 74 60 7 62 0 69 5 18 79 46 16 15 17 50 82 58 48 19 28 86 45 75 24 35 8 29 71 37 23 73 26 36 57 1 83 99 64 95 39 92 2 66 43 81 10 93 53 98 80 27 65 51 90 13 41 42 47 21 22 9 11 61 84 68 67 63 97 87 14 72 33 89 31 55 56 78 4 25 88 85 54 44 52 96 77 12 49 
TEST 9 ARG:88 2 36 73 7 34 63 90 42 18 26 84 71 59 47 6 99 65 96 58 77 57 22 0 49 39 68 15 41 50 78 98 62 67 54 81 82 23 14 12 69 1 24 32 3 46 29 4 97 75 9 17 27 92 45 11 28 52 85 64 76 20 40 83 8 72 94 10 37 86 38 33 19 53 30 95 56 66 51 43 89 31 87 25 74 16 60 61 79 5 91 35 13 80 21 44 70 48 93 55 
TEST 10 ARG:19 14 94 32 89 24 12 35 5 23 1 38 97 80 64 81 27 73 93 7 37 83 85 99 10 48 4 34 88 60 36 71 53 56 98 30 17 70 59 54 51 66 58 40 82 46 90 25 13 79 65 63 77 57 42 43 69 18 72 39 0 21 91 47 9 3 92 22 87 26 33 96 84 20 11 15 2 86 8 61 29 74 62 16 52 28 49 95 45 55 41 68 6 50 76 78 75 31 67 44 
TEST 11 ARG:95 28 47 4 68 38 65 6 30 42 88 24 52 1 29 14 93 72 70 67 90 22 11 9 83 75 59 51 80 2 76 97 58 84 66 54 39 0 15 18 96 31 44 12 77 3 79 74 13 17 53 26 16 23 32 36 40 57 45 33 56 43 48 35 37 8 34 99 46 7 82 92 27 61 50 20 87 98 49 89 55 91 64 62 5 73 86 94 19 21 85 78 69 81 71 60 10 25 41 63 
TEST 12 ARG:8 51 43 78 47 50 89 21 68 84 24 26 99 0 1 39 46 49 60 90 92 59 41 42 38 32 87 81 54 36 17 30 5 85 18 12 3 69 70 80 73 10 55 52 23 93 22 29 61 13 95 25 64 37 94 91 19 56 2 48 4 96 28 75 63 79 6 34 74 16 88 44 40 11 82 65 76 67 86 98 77 66 62 97 57 71 72 35 58 45 7 15 20 27 33 83 53 9 31 14 
TEST 13 ARG:46 27 76 28 60 42 44 38 89 54 0 83 95 55 63 36 31 52 66 16 48 17 35 84 10 2 39 5 15 70 56 65 71 3 14 13 6 64 53 97 19 79 18 61 21 7 23 22 82 4 51 49 91 80 12 86 69 99 24 68 37 92 81 59 94 78 90 58 32 57 50 33 20 8 85 30 9 93 40 75 73 87 74 1 62 11 47 43 77 26 41 72 67 98 25 88 45 34 29 96 
TEST 14 ARG:5 69 33 93 86 79 63 61 49 52 0 68 56 40 39 15 99 18 88 87 70 58 96 35 78 44 82 64 8 71 22 95 34 89 77 72 42 48 41 67 32 90 29 94 37 65 3 83 43 81 16 19 62 10 12 13 36 11 80 46 51 26 28 59 27 4 21 74 54 20 17 55 14 85 1 6 53 75 97 66 50 47 92 98 30 73 38 60 84 9 45 7 91 57 24 25 2 76 23 31 
TEST 15 ARG:2 49 55 26 32 77 71 4 54 67 63 36 38 29 13 98 73 91 6 50 25 14 35 58 61 40 57 27 70 79 21 45 93 86 24 7 20 1 3 89 12 10 17 18 37 8 65 47 52 83 81 53 87 15 43 88 44 16 80 64 19 68 11 74 34 82 76 62 97 5 9 42 72 92 75 48 39 95 46 99 59 94 33 85 30 41 90 78 22 23 60 84 56 69 66 28 31 51 96 0 
TEST 16 ARG:73 36 53 21 37 18 29 1 84 56 10 57 89 74 75 72 77 99 96 35 51 90 7 68 38 95 66 59 60 3 6 25 39 17 88 50 65 44 16 78 71 79 62 46 5 23 32 67 45 9 81 82 47 86 98 87 94 52 14 48 15 97 64 12 92 76 22 19 24 93 63 70 85 43 54 30 20 13 31 83 42 58 4 40 69 33 8 61 55 49 2 41 28 26 91 34 80 0 27 11 
TEST 17 ARG:56 14 8 98 53 99 57 52 84 59 93 72 58 24 81 40 37 22 20 13 79 28 75 95 49 89 10 2 34 19 86 85 26 78 66 73 55 46 97 42 27 7 32 63 92 76 69 94 77 74 17 4 44 25 29 67 11 68 82 12 43 88 36 80 64 87 60 15 33 35 51 30 62 6 54 96 3 5 50 48 70 31 0 91 1 23 45 39 90 41 47 65 71 21 16 38 61 83 9 18 
TEST 18 ARG:13 57 67 91 78 22 34 36 0 60 80 96 71 65 93 6 20 53 85 10 69 19 84 81 3 30 38 33 70 54 40 31 61 77 9 32 4 44 26 68 17 49 59 76 7 28 35 12 79 99 83 55 82 46 2 74 15 92 43 29 98 50 8 24 75 89 21 86 56 25 42 97 51 94 1 16 45 66 27 58 73 23 52 64 62 72 48 11 5 95 18 37 63 87 14 41 90 39 88 47 
TEST 19 ARG:33 21 29 54 51 17 8 58 35 88 71 77 79 1 42 11 50 99 27 96 48 34 62 41 94 90 82 9 95 45 28 15 47 85 93 55 66 31 38 25 32 97 16 86 5 78 39 72 36 80 69 53 64 44 3 52 91 14 26 20 7 4 68 30 63 76 81 84 0 22 43 23 57 49 13 19 73 65 46 92 87 98 37 83 12 56 67 6 2 40 18 89 75 61 60 24 74 10 59 70 
TEST 20 ARG:85 40 81 13 11 53 12 73 6 75 56 65 99 96 92 14 20 50 21 83 2 97 70 33 43 4 64 39 27 19 47 54 93 25 57 30 35 51 52 78 45 34 9 49 67 55 69 84 48 41 63 98 37 86 0 31 32 60 24 71 62 79 77 61 23 82 76 38 5 15 66 42 46 36 16 44 17 7 90 87 59 91 28 10 3 29 89 94 80 26 58 8 1 72 18 88 95 22 68 74 
TEST 21 ARG:49 7 44 19 9 41 65 36 77 5 37 88 78 38 60 30 61 96 48 86 84 17 58 31 40 66 92 74 4 22 64 15 18 12 85 25 53 59 69 1 3 62 42 39 29 56 73 34 28 2 20 89 35 97 6 14 11 10 23 27 50 94 63 0 98 52 90 21 82 99 13 57 72 45 24 47 67 51 75 33 81 71 93 16 8 55 43 80 54 79 83 76 46 91 95 70 87 32 68 26 
TEST 22 ARG:87 25 68 52 60 90 2 69 85 6 63 64 51 43 94 57 81 79 12 42 77 88 99 53 7 10 62 36 76 74 86 98 70 89 55 45 92 47 13 35 31 32 33 95 59 84 18 17 44 27 9 56 91 5 26 83 49 39 21 65 30 48 8 16 93 11 29 67 14 61 23 41 66 22 78 4 24 75 71 72 73 34 0 80 15 97 46 96 54 28 3 1 58 82 37 50 38 20 40 19 
TEST 23 ARG:92 25 1 74 9 27 59 45 76 49 4 14 16 0 33 66 51 85 39 43 83 96 62 60 95 13 28 35 6 5 73 46 94 58 64 57 44 93 75 89 20 18 36 63 87 86 77 97 61 55 54 42 2 48 81 67 69 91 31 34 80 52 30 21 72 17 26 40 79 82 70 68 3 88 90 98 29 10 41 24 37 23 65 19 84 56 15 71 38 50 8 12 47 32 11 22 7 53 78 99 
TEST 24 ARG:58 44 27 92 13 68 86 41 43 63 10 31 66 95 25 15 76 19 98 94 26 47 78 23 39 59 82 45 61 85 24 4 64 54 12 36 73 17 9 6 90 32 53 84 80 77 34 14 16 55 67 83 8 21 79 5 51 40 48 69 29 28 18 33 46 20 81 75 56 50 22 2 60 93 37 87 1 96 57 70 49 99 91 89 52 42 0 11 97 72 88 3 7 65 30 62 74 71 35 38 
TEST 25 ARG:50 69 70 53 47 75 36 44 57 59 9 93 91 48 8 90 96 83 15 61 71 64 86 82 19 28 31 7 42 32 38 3 1 10 46 23 17 18 27 39 66 52 11 4 87 80 37 14 88 16 60 51 33 21 25 74 98 49 58 95 30 2 92 62 97 22 43 76 94 67 72 26 40 0 81 89 84 29 34 45 77 6 35 13 12 24 78 5 56 55 63 20 68 85 99 73 41 79 65 54 
TEST 26 ARG:90 2 26 77 36 91 30 47 46 92 38 73 37 67 55 11 94 84 34 18 14 86 39 29 96 58 70 7 16 15 49 27 75 40 87 10 78 48 74 24 69 88 23 60 97 82 28 71 72 63 20 99 19 81 33 44 5 65 21 93 80 25 32 98 57 0 52 42 43 68 83 59 64 3 50 6 51 13 12 22 1 54 56 4 53 41 8 9 61 17 95 89 76 79 45 35 85 66 62 31 
TEST 27 ARG:42 3 44 20 95 48 68 57 21 78 79 45 47 24 41 17 10 1 22 91 98 75 54 89 26 49 94 62 87 85 58 33 39 31 15 61 56 63 51 14 73 96 60 12 65 7 72 34 59 53 66 81 28 93 40 0 84 13 43 99 67 25 80 71 38 69 32 86 9 27 76 2 77 97 11 16 83 82 46 23 64 37 6 55 29 18 19 5 90 88 50 4 30 52 36 74 8 92 70 35 
TEST 28 ARG:86 44 69 36 97 67 32 5 18 71 85 51 56 50 26 4 58 79 21 22 64 23 88 77 40 48 11 82 53 46 90 16 47 49 2 95 30 61 54 80 13 19 78 10 41 28 81 76 45 0 25 29 94 99 96 37 17 98 7 14 60 62 52 93 43 35 9 68 92 59 33 39 91 55 31 1 65 73 24 42 84 15 83 8 3 70 57 6 75 87 89 72 74 66 34 38 63 12 20 27 
TEST 29 ARG:95 79 75 57 89 20 62 47 16 72 86 38 81 36 19 91 52 64 73 6 14 25 29 59 15 90 49 50 53 70 97 26 66 33 92 28 0 93 42 45 5 31 46 22 54 83 61 8 23 78 27 82 85 55 4 44 17 98 40 7 69 51 10 71 87 37 77 67 2 48 35 21 76 9 32 94 56 30 63 34 18 3 99 11 58 80 12 1 88 13 84 68 41 96 24 60 39 65 74 43 
TEST 30 ARG:44 59 9 0 2 15 69 85 16 10 40 76 19 5 51 87 20 88 56 45 68 73 97 94 42 96 62 83 28 82 25 90 92 34 75 80 38 7 43 64 36 66 41 11 39 4 78 81 12 30 18 29 55 79 72 89 63 46 98 91 13 84 52 17 47 14 86 93 48 22 58 23 54 53 99 50 21 8 65 67 57 74 31 71 3 24 26 70 95 49 33 6 60 77 32 27 35 1 61 37 
TEST 31 ARG:50 74 73 40 46 59 45 26 78 79 64 29 25 27 49 44 61 4 0 42 75 96 62 35 24 67 91 87 6 18 13 83 72 84 2 21 63 22 68 58 3 41 70 8 37 43 14 82 57 34 48 23 9 89 1 51 99 80 5 81 39 71 98 66 47 76 31 33 30 93 95 7 52 19 16 11 17 54 90 92 65 32 77 15 86 60 55 38 56 94 69 28 85 88 97 20 53 36 10 12 
TEST 32 ARG:76 41 45 18 65 64 36 99 25 3 61 6 95 98 94 13 4 42 17 39 85 46 31 0 82 72 30 60 14 89 96 43 28 2 5 78 10 70 63 32 75 69 92 54 79 81 83 68 29 73 35 15 93 77 8 34 84 24 38 86 52 80 56 11 57 87 22 1 48 97 40 53 88 26 71 67 21 58 37 19 50 51 90 7 9 49 20 74 16 27 59 44 23 12 62 33 55 91 47 66 
TEST 33 ARG:62 86 14 65 32 42 19 67 35 60 10 63 66 59 26 53 24 28 25 22 6 64 27 36 15 70 8 23 58 20 88 83 82 44 84 79 31 77 52 41 33 72 12 9 3 97 80 11 16 0 54 99 91 73 51 98 46 74 1 49 75 48 94 38 87 81 18 71 5 90 17 21 92 7 29 43 45 93 68 89 4 69 39 56 2 85 96 76 57 30 55 37 95 34 61 47 13 50 40 78 
TEST 34 ARG:36 35 54 4 97 42 69 63 83 32 43 70 51 78 40 29 53 0 9 58 11 66 85 93 88 24 18 49 6 37 34 73 57 38 65 81 90 15 55 46 96 94 76 23 84 47 2 91 39 28 14 26 31 13 87 30 75 89 68 8 82 98 62 64 99 33 21 7 74 50 1 56 60 45 48 16 80 20 3 86 95 67 59 41 22 27 10 71 61 77 5 92 25 79 12 44 17 52 19 72 
TEST 35 ARG:73 56 81 83 23 53 38 69 52 95 12 29 31 51 18 7 16 4 77 8 67 99 74 1 46 48 13 43 11 3 92 76 57 60 20 96 82 86 15 33 21 27 70 2 63 14 84 44 32 66 78 24 37 61 28 62 68 72 58 54 93 36 19 26 42 50 39 59 47 10 71 89 41 88 94 40 85 90 22 98 55 91 65 45 5 64 6 97 34 25 80 30 35 75 49 0 17 9 87 79 
TEST 36 ARG:24 22 67 82 40 75 63 49 77 85 95 23 79 66 76 57 19 28 33 29 30 72 6 41 58 74 60 48 97 11 17 68 7 73 20 59 92 98 16 80 47 12 71 83 5 55 44 36 84 14 46 54 69 1 50 89 99 18 90 91 26 53 65 81 56 2 87 32 93 13 37 96 9 94 3 21 35 64 70 31 27 43 8 61 52 88 38 34 4 62 25 78 51 42 10 39 15 45 86 0 
TEST 37 ARG:79 82 7 10 23 29 39 14 6 57 98 26 22 56 63 9 73 43 30 58 50 15 65 61 59 18 32 16 89 96 0 74 21 83 97 75 70 64 68 92 3 48 44 78 67 55 76 45 1 2 37 72 47 38 53 34 84 81 52 19 4 87 69 28 71 51 93 60 46 27 62 88 42 17 95 12 90 31 77 35 86 41 33 66 36 13 5 40 85 24 11 80 91 20 8 25 94 54 49 99 
TEST 38 ARG:26 83 74 11 5 50 97 23 60 73 35 56 75 79 4 10 78 18 92 16 17 80 69 44 95 51 12 77 41 66 94 27 43 31 42 70 96 48 89 14 65 90 22 8 13 2 40 49 52 88 72 3 62 91 6 87 85 36 86 58 63 45 19 29 38 76 7 84 1 57 9 99 32 67 0 55 34 64 81 39 37 61 98 47 30 59 33 71 53 46 21 68 28 82 24 20 93 54 15 25 
TEST 39 ARG:35 58 77 39 98 54 11 76 44 10 53 37 69 84 16 38 56 2 89 23 32 3 22 92 78 46 90 95 20 82 75 24 34 30 29 36 27 59 28 14 42 48 61 96 91 47 25 60 43 40 93 97 45 57 4 51 63 79 33 49 72 80 67 64 74 5 99 88 66 15 70 73 31 94 12 8 55 87 26 85 71 81 86 0 68 13 19 9 41 83 52 18 6 1 21 62 7 65 17 50 
TEST 40 ARG:78 55 54 18 11 68 50 67 90 80 5 84 99 88 72 75 6 19 51 43 98 14 60 46 23 20 53 62 17 21 8 42 10 40 83 15 12 74 16 57 92 96 65 93 66 48 38 70 79 39 4 91 97 13 52 82 30 56 87 63 69 49 37 36 24 41 81 29 45 47 1 2 34 71 27 25 61 35 76 22 33 0 85 59 7 64 73 89 44 31 26 32 95 94 3 58 86 9 28 77 
TEST 41 ARG:63 19 58 38 32 21 39 87 96 6 72 79 55 61 15 49 17 20 45 76 82 80 18 7 29 97 99 69 0 1 24 3 59 54 70 13 46 50 73 41 10 12 40 8 83 75 5 14 35 2 28 11 78 77 81 71 33 57 62 25 89 98 86 67 4 90 64 65 68 94 88 93 56 22 95 66 31 74 9 43 52 85 60 44 26 51 36 16 30 48 53 91 47 27 34 92 84 23 42 37 
TEST 42 ARG:59 43 89 39 23 84 87 98 1 75 54 14 92 78 90 73 44 57 17 65 93 60 33 26 37 64 94 71 21 11 16 49 13 35 48 97 81 66 6 85 32 36 24 5 67 69 88 42 58 55 82 12 45 30 3 31 28 70 77 91 8 86 10 22 19 15 0 47 72 9 56 63 79 51 96 29 27 74 95 68 76 38 41 40 62 61 18 7 2 80 83 25 46 34 4 52 99 53 20 50 
TEST 43 ARG:77 56 16 27 12 26 11 3 89 73 30 96 9 64 18 22 49 92 54 33 75 36 68 29 50 85 53 45 34 39 94 87 8 28 1 13 78 42 63 24 83 99 19 2 86 43 59 6 4 91 60 15 62 82 58 7 31 72 37 74 17 46 0 67 76 61 21 80 57 98 40 44 69 66 93 5 52 47 65 35 97 41 32 51 38 71 88 79 20 84 55 90 48 25 70 14 81 23 10 95 
TEST 44 ARG:69 24 45 41 60 38 34 59 23 25 51 73 13 7 18 6 44 99 3 2 82 66 39 78 91 86 81 28 80 50 63 93 10 89 61 49 8 83 30 26 37 54 20 94 96 19 53 31 56 36 48 95 14 42 40 29 22 21 71 43 55 46 74 79 57 16 5 58 35 76 77 70 62 11 85 47 27 17 9 75 84 12 97 33 98 32 90 88 52 65 68 67 1 87 92 4 64 15 0 72 
TEST 45 ARG:18 84 28 77 31 76 20 21 82 0 34 7 83 62 66 61 53 93 99 98 47 22 74 2 46 12 35 88 51 59 87 79 24 43 45 68 15 37 48 49 65 3 26 52 86 64 72 78 96 5 41 32 25 10 40 33 73 11 6 1 75 95 54 8 13 63 71 29 81 85 67 23 57 38 19 55 60 91 42 90 94 44 4 89 56 97 70 14 80 39 50 17 92 27 36 9 30 16 58 69 
TEST 46 ARG:33 51 37 40 41 64 30 11 25 23 94 53 61 83 24 75 68 88 34 91 14 87 55 67 60 35 54 18 57 39 98 32 93 0 47 66 22 49 31 50 73 21 3 10 43 13 20 44 9 48 45 90 82 7 5 84 97 79 78 69 77 76 17 96 4 8 86 62 6 28 26 63 36 2 46 92 74 65 56 15 59 89 27 70 72 99 1 95 42 29 58 81 12 19 80 85 16 71 52 38 
TEST 47 ARG:97 98 15 32 95 2 85 35 51 70 20 62 25 7 0 19 33 55 93 49 5 61 88 37 57 43 34 4 46 83 10 89 14 31 54 73 26 63 24 84 12 18 50 82 29 91 92 60 16 67 99 41 87 38 6 80 58 8 74 13 27 71 48 65 56 17 94 75 66 53 77 45 69 90 47 64 44 86 11 30 68 72 23 78 81 76 59 22 36 39 96 40 21 42 79 52 1 9 28 3 
TEST 48 ARG:37 47 9 10 50 46 60 29 5 90 15 1 28 36 35 67 20 71 97 92 73 24 64 19 69 57 18 44 86 23 27 12 49 43 48 74 16 42 56 63 77 59 94 40 53 61 4 89 76 32 51 78 30 21 72 11 39 80 2 52 25 93 98 87 34 54 6 81 3 31 58 38 33 82 70 22 68 7 84 17 8 13 95 75 14 79 55 85 96 88 83 41 0 45 62 26 91 99 65 66 
TEST 49 ARG:2 69 34 45 85 52 87 29 11 8 40 13 19 21 96 62 39 17 64 51 67 30 43 47 15 0 74 35 10 71 22 70 81 72 78 94 26 33 20 61 14 80 76 41 75 37 6 99 12 31 90 60 27 57 49 82 63 92 66 4 48 83 46 25 58 88 9 55 23 65 53 42 93 54 24 3 32 18 68 56 44 95 89 5 98 16 97 73 1 50 7 91 59 86 36 38 79 28 84 77 
TEST 50 ARG:65 59 81 86 43 2 70 82 77 22 50 6 67 71 3 29 84 21 47 19 63 68 25 73 39 79 61 8 94 12 53 97 96 32 31 35 64 55 30 17 36 44 16 89 88 98 91 34 11 76 42 83 60 66 48 4 51 27 57 7 24 18 45 92 52 78 95 28 90 41 93 13 0 99 85 5 14 87 15 58 62 69 37 72 75 56 74 49 26 33 38 9 40 23 1 80 20 10 54 46 
TEST 51 ARG:22 39 6 95 4 49 33 84 92 68 63 24 56 75 37 25 31 65 87 34 40 15 93 36 88 16 8 80 46 27 69 82 1 62 53 99 9 19 77 70 14 64 17 54 29 0 50 51 28 72 59 55 71 74 35 66 12 57 44 13 90 38 21 32 30 45 79 5 41 85 83 26 2 52 43 11 76 60 96 18 47 73 81 23 42 20 48 10 7 86 94 78 89 98 3 61 97 58 91 67 
TEST 52 ARG:13 18 21 3 14 74 34 27 64 75 94 62 67 87 73 15 31 36 30 59 83 86 77 28 79 24 42 54 88 50 91 9 46 47 55 92 66 44 29 53 57 0 2 51 19 99 22 93 84 80 72 39 68 85 7 89 4 96 12 20 1 98 8 95 11 40 33 37 60 81 48 23 97 78 49 35 26 69 16 17 5 70 52 71 58 32 45 25 10 41 76 82 56 43 6 65 61 90 63 38 
TEST 53 ARG:5 96 28 59 32 82 35 30 50 95 7 58 54 51 52 26 60 64 98 18 3 38 44 20 71 94 92 8 2 33 75 88 23 72 0 69 66 4 40 67 48 74 62 46 16 14 21 12 25 36 49 80 6 85 45 22 89 97 55 70 27 56 84 53 34 65 83 41 39 47 63 42 90 68 15 86 99 87 9 17 31 76 11 43 73 61 19 77 79 13 24 91 57 10 1 81 93 37 29 78 
TEST 54 ARG:60 48 38 44 51 96 90 68 80 37 24 91 55 17 11 6 4 27 45 86 83 28 70 66 30 69 65 10 42 32 56 59 77 58 39 16 43 98 49 20 64 78 93 75 81 46 50 71 31 67 5 29 92 33 36 26 82 54 85 41 18 2 25 63 40 62 35 15 12 14 1 72 79 74 8 52 34 84 9 23 61 19 13 97 3 22 99 57 0 7 47 89 88 87 21 95 53 94 76 73 
TEST 55 ARG:56 58 2 18 24 14 11 9 87 45 44 80 10 20 79 55 63 13 38 70 93 74 7 72 92 53 98 96 50 52 0 5 90 1 86 46 85 84 49 37 65 3 66 60 32 89 91 28 12 25 82 8 75 33 42 59 61 21 51 76 39 4 26 81 16 35 77 73 43 34 64 30 40 41 54 31 69 67 95 29 99 62 57 48 17 15 19 83 97 71 23 88 36 47 68 78 94 27 22 6 
TEST 56 ARG:35 99 12 47 61 27 38 89 8 6 36 55 17 29 56 31 97 96 33 86 7 94 84 4 60 72 48 9 73 20 1 5 98 32 58 51 57 85 65 79 76 87 44 82 16 28 80 37 68 81 10 92 30 52 91 59 53 34 26 13 14 50 62 90 18 19 40 3 39 64 69 42 11 63 95 78 23 0 21 41 43 22 70 15 2 74 46 24 75 67 71 77 66 83 45 88 54 25 93 49 
TEST 57 ARG:23 46 65 48 31 47 92 61 34 70 25 44 97 33 37 62 41 28 50 74 87 0 39 96 9 3 55 72 80 99 36 12 10 32 86 24 68 6 84 4 26 49 64 7 29 13 52 17 5 35 69 93 88 38 8 54 85 1 21 27 57 45 82 90 22 53 30 79 91 75 67 78 66 20 71 42 14 19 77 16 15 73 2 51 58 83 11 18 81 59 98 63 56 94 43 60 89 95 76 40 
TEST 58 ARG:30 91 99 95 92 7 70 48 13 29 37 21 44 93 6 23 24 84 46 63 10 17 86 78 76 87 59 85 61 32 25 16 18 79 57 41 49 62 15 42 66 33 51 90 82 64 97 40 55 60 81 27 26 8 68 22 98 74 5 31 58 56 28 53 94 36 89 72 19 96 35 43 75 14 83 71 2 38 52 67 77 65 20 4 3 88 45 0 34 1 9 39 73 80 54 50 11 12 69 47 
TEST 59 ARG:26 15 21 39 52 75 66 68 36 65 8 42 5 98 17 49 95 76 24 6 55 22 27 60 63 50 88 20 33 28 11 45 91 43 44 62 80 18 94 31 0 69 9 51 12 34 79 16 67 4 70 99 38 74 61 72 64 92 48 25 83 77 10 78 46 47 35 90 73 85 96 93 30 19 41 59 40 32 84 58 7 56 54 57 97 71 82 3 13 37 86 87 81 53 89 1 14 29 2 23 
TEST 60 ARG:48 83 14 34 55 91 66 99 45 16 11 59 65 37 1 26 12 36 76 29 86 63 28 19 93 23 98 50 40 87 0 96 7 43 2 75 89 47 80 68 20 95 82 30 51 17 56 77 39 42 9 13 4 8 31 62 25 71 44 52 10 61 73 84 33 79 38 3 60 81 27 74 57 88 21 78 24 32 22 15 94 6 64 70 46 18 72 53 5 69 58 92 41 35 54 90 67 85 49 97 
TEST 61 ARG:58 12 47 92 18 84 32 26 98 95 59 36 76 67 15 49 40 50 17 43 27 23 94 93 74 25 51 16 65 11 48 14 61 13 38 29 73 24 37 89 70 41 69 90 88 77 31 83 85 86 91 99 82 66 8 45 87 72 21 20 5 75 3 7 68 10 63 19 53 60 96 57 44 28 30 62 54 52 78 9 1 22 34 56 35 64 0 2 4 80 33 55 71 46 97 42 81 6 79 39 
TEST 62 ARG:49 15 83 11 95 10 12 39 90 41 16 21 27 98 48 53 99 60 47 91 94 17 80 8 87 24 82 3 64 52 76 96 59 62 13 50 85 31 92 33 35 9 89 66 84 7 46 37 81 79 75 67 23 20 38 58 54 6 70 32 14 30 69 2 4 72 22 44 56 36 29 68 55 78 71 19 28 26 97 74 43 34 61 57 88 18 86 73 42 1 40 45 65 51 0 25 5 93 77 63 
TEST 63 ARG:19 75 68 51 12 21 74 47 57 60 9 71 66 44 72 77 91 73 78 27 30 3 64 70 29 46 53 40 95 41 62 90 98 39 4 31 26 55 61 96 6 1 38 33 81 84 93 69 28 24 65 48 56 13 87 43 20 54 11 80 59 0 2 99 35 34 22 10 50 16 82 97 63 76 92 37 83 8 79 5 88 32 25 86 58 89 17 67 14 94 85 18 52 15 7 23 42 36 49 45 
TEST 64 ARG:41 40 81 85 0 87 75 69 6 46 51 36 67 2 32 29 24 25 26 57 22 1 4 95 7 97 52 93 18 21 89 3 65 76 58 68 14 43 28 96 53 42 20 48 45 70 80 13 86 79 91 59 84 31 9 30 33 44 62 74 54 34 10 83 49 98 8 35 94 61 55 99 16 66 39 77 73 63 50 37 27 38 88 47 60 92 71 78 82 11 90 72 23 5 19 56 15 17 12 64 
TEST 65 ARG:5 26 99 70 39 22 40 90 35 92 32 24 19 6 81 61 65 43 76 53 69 48 42 18 71 21 36 44 45 79 25 86 98 0 59 85 13 77 9 78 34 50 23 57 20 17 33 46 11 52 51 84 28 58 60 54 41 91 8 64 56 10 75 47 97 14 88 1 55 49 89 67 37 87 62 72 73 95 83 63 7 3 80 15 2 93 30 27 68 96 12 16 4 82 29 66 31 94 74 38 
TEST 66 ARG:2 10 38 53 61 93 36 62 71 78 1 19 32 57 55 17 82 87 49 0 96 83 20 77 43 91 81 5 28 37 68 67 23 66 13 7 69 75 26 34 46 63 58 24 72 80 54 90 64 9 50 76 12 11 41 30 48 27 73 18 99 47 97 21 4 42 65 70 15 45 84 94 95 6 39 86 3 85 51 52 33 89 31 60 16 25 35 98 29 88 40 59 44 14 8 92 56 74 79 22 
TEST 67 ARG:35 59 67 41 87 2 4 32 55 62 0 99 34 60 25 63 45 82 44 37 10 75 50 86 15 11 80 76 69 36 23 92 49 3 52 71 21 38 48 83 20 89 46 66 47 17 16 57 88 81 91 42 51 40 61 28 29 30 73 6 31 97 77 43 64 78 84 79 22 68 26 5 93 18 13 94 33 12 7 95 14 24 65 85 90 96 98 72 58 56 19 53 27 54 70 1 74 9 8 39 
TEST 68 ARG:10 11 22 90 58 85 25 26 72 87 64 15 57 43 75 29 62 53 50 16 68 61 97 67 27 14 4 54 84 71 44 1 38 13 47 63 95 88 76 56 30 20 33 2 91 35 80 49 66 77 51 60 86 79 98 24 5 55 83 94 6 46 92 3 59 23 48 34 93 45 41 12 0 36 73 40 82 74 69 32 81 7 99 19 37 96 28 65 78 21 18 17 39 31 9 52 70 8 42 89 
TEST 69 ARG:51 61 13 83 41 12 71 84 48 93 19 36 16 44 72 46 37 25 18 86 14 80 45 62 24 76 94 23 99 56 81 5 27 65 29 2 89 15 3 9 53 30 8 33 77 1 22 66 67 82 60 59 6 17 98 95 90 49 4 64 69 74 58 54 85 40 26 91 11 31 7 38 96 57 68 73 63 97 35 42 28 43 21 39 52 47 70 55 78 20 79 34 50 10 32 75 88 87 92 0 
TEST 70 ARG:4 32 38 66 40 77 58 70 84 96 49 90 14 61 11 60 39 99 30 57 68 67 8 94 10 29 80 35 91 7 92 65 43 26 34 24 41 62 47 3 12 98 28 16 71 86 17 53 19 6 33 89 20 0 22 87 21 75 37 63 79 83 82 2 64 15 93 25 42 1 45 27 18 73 76 85 9 5 74 48 81 55 88 72 69 44 50 54 51 31 46 59 13 56 23 78 95 97 52 36 
TEST 71 ARG:55 15 35 43 33 61 18 92 36 57 70 24 41 67 17 11 59 34 98 54 94 40 86 75 2 76 4 68 80 1 9 83 90 44 62 23 91 48 87 20 31 56 64 82 21 42 50 49 3 37 45 58 29 26 39 5 46 12 25 6 30 8 81 27 93 16 74 72 14 66 96 32 84 7 53 28 47 19 13 97 51 79 0 60 22 89 65 99 10 78 71 63 38 88 69 52 73 95 77 85 
TEST 72 ARG:43 53 87 14 84 31 46 37 42 12 44 81 97 6 9 91 33 47 94 77 79 13 86 3 10 76 92 62 98 21 64 4 78 93 89 69 15 67 74 95 83 34 80 27 60 39 35 63 0 1 24 90 73 48 65 18 85 59 66 61 58 11 7 38 52 25 17 56 49 54 82 22 2 96 88 57 16 30 70 36 28 55 50 41 5 72 99 20 23 29 68 51 26 8 40 75 32 71 19 45 
TEST 73 ARG:97 66 79 7 16 60 27 83 2 0 22 13 36 99 69 67 84 73 34 35 59 89 96 51 18 87 8 5 71 72 25 40 9 78 95 11 65 1 61 33 6 54 23 53 37 44 56 50 98 49 55 63 58 82 29 30 93 28 52 26 46 4 94 86 20 38 57 15 21 31 19 76 3 12 14 75 77 64 85 68 24 45 41 43 32 88 42 17 62 48 90 91 74 10 80 81 39 92 70 47 
TEST 74 ARG:91 45 29 14 15 71 38 68 37 5 17 46 26 52 60 54 75 41 21 35 69 7 83 87 53 55 23 19 4 81 1 93 12 36 50 97 31 79 77 65 0 92 39 56 13 67 27 2 63 40 6 44 20 30 98 94 96 76 61 57 51 90 16 22 43 18 24 99 3 42 34 78 62 25 48 72 47 58 84 88 66 73 82 9 80 8 64 74 33 95 49 28 11 89 59 85 86 32 10 70 
TEST 75 ARG:56 60 27 3 52 97 59 11 13 95 50 72 57 55 68 43 77 49 84 48 10 80 7 45 90 39 8 79 54 99 44 78 93 70 89 4 21 94 25 28 2 81 74 63 76 35 71 47 5 53 40 29 12 69 41 85 14 87 58 26 73 22 16 51 46 42 20 0 6 62 92 34 37 36 66 82 1 19 15 88 96 61 33 98 17 9 30 86 31 67 83 91 38 24 23 32 18 75 64 65 
TEST 76 ARG:38 47 41 44 1 35 51 84 26 73 23 83 5 3 36 18 46 96 70 0 65 79 77 75 63 30 34 20 15 62 91 78 76 25 14 39 7 60 42 86 12 59 72 98 53 95 56 97 32 55 29 9 74 69 58 13 82 11 52 28 71 4 2 68 93 27 87 19 6 10 61 17 57 24 16 81 90 64 8 33 67 22 94 88 48 54 43 49 92 85 31 99 21 80 45 40 89 37 66 50 
TEST 77 ARG:9 67 34 17 57 95 37 68 96 25 5 28 13 59 33 84 35 10 60 20 27 22 75 74 45 50 32 66 69 53 39 70 15 81 82 3 38 78 83 94 58 46 64 89 86 76 92 21 4 36 7 1 31 8 42 18 24 65 79 72 85 80 73 71 97 26 61 29 88 19 12 91 23 52 47 77 14 98 30 41 90 99 16 56 2 40 55 54 49 6 11 0 43 63 62 44 51 48 87 93 
TEST 78 ARG:21 79 3 88 32 41 82 45 34 73 36 37 46 39 91 1 20 84 76 86 5 66 52 27 85 71 49 92 90 97 55 50 17 63 95 75 15 35 23 7 43 30 80 28 14 93 29 57 47 48 16 99 98 22 70 18 69 60 56 68 59 74 9 89 42 44 87 12 77 24 4 72 96 64 8 26 67 31 51 78 54 94 19 62 61 58 25 38 65 6 2 10 0 13 81 40 33 53 11 83 
TEST 79 ARG:71 82 33 45 83 44 17 86 78 8 89 76 3 50 46 35 95 97 15 39 36 9 0 72 56 66 30 32 75 60 47 21 20 2 77 62 27 19 5 69 49 51 65 68 52 22 99 43 53 7 26 12 37 81 87 28 93 58 92 13 1 57 74 40 16 84 41 96 38 18 59 42 54 61 64 70 79 55 14 63 90 4 11 98 10 94 24 31 23 85 80 25 6 67 48 88 73 29 91 34 
TEST 80 ARG:96 3 58 20 78 7 69 19 11 28 83 43 98 23 73 52 17 35 97 55 93 49 42 27 70 12 21 57 5 61 75 76 46 14 48 45 99 13 40 84 88 72 95 89 41 62 1 66 74 47 82 22 4 30 44 2 71 37 67 68 10 56 29 94 80 34 33 65 81 90 16 85 87 54 8 64 18 79 32 59 25 26 6 15 38 39 50 51 60 36 86 77 63 9 31 24 53 92 91 0 
TEST 81 ARG:34 33 59 5 6 21 82 78 19 47 44 93 53 89 63 12 43 13 84 56 42 7 20 70 29 4 24 32 18 92 90 97 25 10 67 22 23 54 79 36 37 2 95 14 85 9 71 28 40 91 58 88 52 0 76 68 74 94 73 1 41 50 26 16 77 46 98 99 8 27 81 66 96 38 80 3 57 31 87 48 17 75 69 62 35 49 65 45 30 72 51 64 11 61 15 60 86 39 55 83 
TEST 82 ARG:70 13 7 49 60 22 64 36 97 18 53 55 56 11 79 26 51 45 24 81 50 31 86 83 59 20 12 19 72 38 82 32 87 21 84 28 98 62 96 25 6 67 17 42 78 88 65 91 69 27 0 30 75 58 1 39 52 43 40 10 99 74 54 90 57 35 23 61 34 5 8 14 95 41 47 44 68 15 3 85 29 80 92 93 66 4 77 37 94 46 16 76 63 89 9 33 2 71 48 73 
TEST 83 ARG:88 41 87 29 90 60 93 27 22 32 74 62 85 51 31 6 23 95 53 38 49 61 0 19 59 12 5 40 7 71 79 76 89 58 4 64 75 82 13 73 30 39 98 96 8 45 50 36 16 18 86 44 2 54 34 11 66 69 78 9 10 35 57 15 70 99 14 43 28 47 42 94 52 26 33 1 3 81 72 91 67 83 46 37 20 17 63 77 65 55 84 24 92 68 56 97 21 48 80 25 
TEST 84 ARG:28 97 21 47 5 41 90 87 59 84 57 8 55 81 56 53 16 70 1 52 76 25 3 22 33 79 50 80 61 67 66 26 45 75 23 77 95 11 0 48 19 98 30 10 73 31 15 54 62 40 20 13 2 38 94 27 86 85 58 24 64 89 63 93 82 46 17 92 37 44 18 49 42 36 60 32 6 35 71 99 51 43 78 69 4 34 65 74 9 39 29 83 96 68 91 72 7 88 14 12 
TEST 85 ARG:27 73 59 61 68 63 60 5 80 37 75 79 4 45 82 11 17 6 87 41 33 3 14 43 10 69 64 12 72 2 86 1 21 92 25 22 55 71 23 16 0 9 74 90 99 34 42 57 96 40 30 76 52 24 85 94 58 93 32 31 67 77 26 50 39 38 70 28 66 91 78 15 20 97 47 54 53 13 35 65 18 88 81 19 83 8 7 98 56 49 44 51 84 46 95 29 62 36 89 48 
TEST 86 ARG:40 10 38 4 43 20 50 0 62 60 30 70 21 14 31 86 56 22 68 23 11 24 12 59 13 83 96 74 34 89 53 47 77 29 61 37 3 41 66 19 90 5 6 92 80 73 81 28 65 98 93 57 55 94 72 85 44 45 67 82 87 78 27 99 88 17 26 54 8 33 58 63 52 84 91 75 97 1 15 51 36 64 46 25 76 18 7 69 16 71 2 35 48 42 79 95 39 9 32 49 
TEST 87 ARG:58 89 61 98 45 35 84 2 46 15 47 26 41 79 97 6 48 85 92 8 13 55 94 60 17 19 71 10 67 25 63 27 18 91 49 34 22 59 80 28 38 81 9 43 65 5 75 64 33 40 86 52 99 21 73 24 74 44 16 53 62 90 93 30 0 20 51 72 14 69 95 32 76 42 50 88 4 7 23 54 56 39 37 57 31 82 11 29 36 78 83 87 66 70 77 68 1 12 96 3 
TEST 88 ARG:98 93 14 25 6 76 72 92 3 27 12 94 46 70 67 85 73 71 36 61 33 29 62 68 63 31 4 84 24 30 80 34 35 56 7 95 23 52 15 81 21 55 78 11 5 86 79 88 37 18 83 57 65 74 26 38 59 99 91 49 47 58 96 69 66 16 1 50 17 64 77 2 87 40 45 53 75 41 13 22 20 43 32 8 82 10 97 39 48 28 42 90 54 51 44 9 89 60 0 19 
TEST 89 ARG:21 90 44 38 70 83 94 12 73 72 89 52 6 20 88 43 82 46 8 11 71 96 59 76 24 33 39 25 48 54 40 18 63 17 9 81 2 0 36 19 42 15 32 31 57 98 60 62 22 79 56 69 78 45 61 3 35 87 7 86 85 95 97 23 1 30 53 49 91 50 68 4 13 92 26 5 27 75 66 29 77 64 65 16 80 14 47 51 41 74 99 55 93 58 67 84 34 28 37 10 
TEST 90 ARG:70 12 79 46 58 66 54 6 10 99 5 80 8 17 71 76 49 18 88 94 22 31 37 38 48 85 86 65 39 35 14 4 56 55 93 20 61 1 2 9 74 90 26 81 95 64 60 23 25 72 32 28 45 40 89 75 63 62 19 51 67 84 11 98 21 43 27 33 47 41 0 78 68 30 91 57 82 87 16 96 92 53 36 59 77 69 73 97 50 29 44 13 3 24 15 52 42 34 7 83 
TEST 91 ARG:38 21 93 36 87 53 69 10 0 13 92 77 96 55 5 59 98 43 74 14 7 28 80 90 3 44 27 45 71 73 63 16 15 75 49 83 23 40 19 50 84 2 17 1 64 18 78 94 42 32 67 34 12 95 86 51 24 26 58 6 72 30 20 65 47 57 61 9 76 89 48 85 66 41 46 56 8 39 31 81 4 25 22 91 11 60 37 33 62 82 99 52 97 79 54 88 70 29 35 68 
TEST 92 ARG:6 47 2 49 7 89 25 39 92 70 76 64 40 37 38 90 74 34 97 42 13 12 53 5 17 85 44 45 73 30 67 22 78 10 3 28 31 63 66 29 54 1 55 16 95 11 4 72 83 62 8 87 15 98 41 43 65 9 59 19 50 99 56 20 58 91 71 61 18 14 24 60 36 68 23 96 21 52 33 0 80 32 77 84 48 79 86 26 46 35 51 57 75 82 81 94 93 69 27 88 
TEST 93 ARG:77 40 1 71 94 79 83 20 36 18 63 90 55 66 70 87 45 17 92 8 93 62 4 75 86 44 58 26 27 59 5 28 60 43 78 22 81 31 0 64 39 68 97 2 3 48 74 76 46 98 65 32 33 89 12 29 85 35 16 9 56 37 21 47 51 24 88 52 69 84 95 72 54 19 6 57 42 50 34 23 10 99 61 11 96 30 38 25 14 41 80 7 82 13 53 67 15 73 91 49 
TEST 94 ARG:41 47 65 67 40 26 30 6 58 86 69 97 46 92 7 31 89 74 49 10 24 17 73 48 22 78 38 2 61 0 57 98 21 23 11 75 62 84 45 35 70 50 34 25 27 33 39 63 28 9 18 13 91 20 66 99 43 16 59 96 82 52 80 19 44 68 1 51 37 95 15 29 8 60 90 56 5 42 36 55 53 79 64 12 81 4 87 71 77 3 54 76 72 85 14 32 88 83 94 93 
TEST 95 ARG:12 60 53 98 69 94 36 56 74 93 48 4 28 40 37 42 68 11 0 15 72 22 26 34 62 10 20 75 24 23 6 30 1 87 90 41 89 35 14 29 59 84 3 8 16 27 49 13 58 31 51 7 9 47 67 65 95 91 32 39 77 83 96 70 21 99 54 57 52 44 64 55 66 33 45 71 38 81 78 46 17 97 5 2 61 86 25 19 85 82 50 18 73 63 92 76 79 43 88 80 
TEST 96 ARG:52 94 31 38 27 26 66 16 71 61 40 1 11 64 20 86 80 74 29 4 55 62 34 67 60 98 8 6 24 81 76 79 19 15 41 78 99 0 70 93 59 42 33 84 5 58 10 43 77 23 35 12 37 36 69 54 48 30 68 75 50 85 49 83 22 17 73 95 2 92 32 21 14 28 96 47 39 56 57 87 53 3 44 46 82 65 97 63 9 7 18 88 90 45 13 72 91 89 51 25 
TEST 97 ARG:44 53 55 50 39 45 34 56 73 31 0 48 89 52 84 42 60 21 96 27 74 95 71 97 68 94 81 26 30 98 90 13 80 62 67 47 64 9 10 65 16 66 57 75 85 86 63 59 17 43 72 1 82 38 18 58 93 83 88 35 51 33 25 36 32 8 77 79 19 24 15 92 20 14 4 3 23 40 12 46 99 49 37 70 54 41 5 29 87 11 61 7 78 28 69 91 2 76 6 22 
TEST 98 ARG:10 21 45 5 81 80 93 99 91 64 44 28 89 76 12 34 16 4 70 97 72 1 62 66 19 78 87 25 26 82 55 35 83 73 41 29 95 6 42 49 39 69 85 54 63 98 51 15 14 27 56 58 92 71 20 7 77 37 13 33 68 94 61 88 53 74 96 18 90 31 23 11 86 17 50 75 2 65 84 52 0 47 79 9 24 60 67 3 32 8 40 57 38 22 30 59 48 36 46 43 
TEST 99 ARG:14 63 61 62 60 33 59 88 41 65 58 25 46 67 21 12 78 30 3 0 36 92 39 45 50 32 98 26 4 73 79 64 87 81 20 56 54 77 48 75 19 16 1 22 31 2 55 86 17 37 27 38 42 35 84 23 15 28 97 34 68 74 51 71 11 53 10 93 6 29 82 8 80 94 99 70 24 96 7 9 95 43 47 44 90 69 76 49 57 89 85 72 5 52 40 66 13 83 91 18 
TEST 100 ARG:44 47 14 38 25 72 24 81 13 52 93 48 0 18 62 80 84 43 67 57 31 54 39 66 78 74 55 76 56 15 9 40 7 85 60 61 94 22 92 27 37 26 12 97 3 1 36 51 90 19 91 63 59 29 4 23 17 28 50 68 49 53 99 79 35 6 70 33 73 98 11 71 41 21 16 87 8 30 10 83 69 2 82 20 89 95 86 5 58 75 34 77 42 64 45 46 88 65 96 32 
TEST 101 ARG:67 1 69 9 66 43 83 87 92 14 65 26 18 70 3 37 64 93 81 42 99 94 24 21 50 45 55 5 27 2 33 86 40 74 25 53 22 29 20 30 47 88 56 11 15 79 75 98 6 71 76 48 16 38 90 34 68 77 41 63 39 7 0 60 51 31 44 73 80 54 12 61 8 36 23 96 13 19 46 35 84 28 59 58 78 62 32 49 10 91 89 95 4 17 72 82 97 85 57 52 
TEST 102 ARG:12 2 74 70 62 82 69 4 11 1 63 39 7 72 19 10 52 59 6 18 98 34 40 48 23 77 47 96 64 26 3 86 71 85 43 51 83 5 15 42 46 8 35 61 99 45 13 54 94 79 9 88 0 32 50 33 17 92 91 44 68 90 30 65 21 41 36 14 60 27 53 89 37 73 75 28 81 56 80 66 31 58 67 93 97 22 25 76 20 87 16 57 78 95 38 24 29 84 49 55 
TEST 103 ARG:38 35 16 66 36 97 80 75 32 26 65 20 59 40 31 95 48 83 90 37 51 67 10 42 0 58 50 57 47 29 60 3 25 24 15 53 68 63 55 71 49 23 61 72 5 46 74 17 39 34 79 9 82 85 4 92 27 84 13 93 96 44 45 77 99 94 41 76 11 30 19 54 56 87 88 98 22 12 64 73 33 62 52 86 89 2 70 81 7 8 91 1 43 18 14 69 28 78 6 21 
TEST 104 ARG:53 14 15 25 29 91 54 62 92 45 96 11 13 65 75 3 87 73 74 64 7 48 4 44 55 82 47 86 5 34 89 51 22 10 43 33 24 79 42 83 84 1 21 31 38 23 59 32 78 70 8 40 95 80 61 37 63 97 60 76 6 12 36 20 39 93 35 30 27 58 57 81 0 16 9 28 18 98 46 69 49 2 56 94 77 72 17 66 85 71 41 26 90 88 99 68 19 50 52 67 
TEST 105 ARG:16 0 64 76 6 19 94 67 25 50 33 27 31 66 26 29 73 15 30 49 75 63 7 13 24 55 78 82 60 74 92 54 90 36 89 22 11 86 10 56 5 51 4 28 61 37 44 99 85 8 12 32 95 53 68 69 97 9 57 48 39 87 58 45 21 23 71 40 41 81 65 91 3 46 14 47 18 79 96 34 80 52 62 43 1 98 59 42 84 17 77 35 70 72 20 88 2 83 38 93 
TEST 106 ARG:4 34 40 57 17 37 1 91 28 39 2 8 81 35 48 50 58 78 80 74 41 59 60 98 46 24 96 89 36 77 55 27 56 15 32 14 72 30 61 73 65 20 29 43 21 69 75 5 85 63 44 51 45 53 93 26 38 84 0 67 95 9 22 88 83 54 31 70 25 97 10 86 33 42 12 76 82 23 52 19 6 49 13 87 99 64 62 66 7 16 47 90 11 68 92 79 18 94 3 71 
TEST 107 ARG:13 94 82 78 1 14 3 72 44 20 46 28 98 52 21 58 4 19 61 26 49 56 25 31 80 29 99 55 96 86 6 18 54 84 93 60 10 47 70 69 27 66 45 97 64 39 90 30 92 9 36 37 74 75 12 91 38 34 41 17 67 81 16 89 2 11 85 57 5 73 95 15 68 7 32 33 22 77 59 51 48 83 23 65 53 8 88 63 79 71 43 50 0 42 87 76 24 62 35 40 
TEST 108 ARG:45 54 68 75 47 18 88 20 44 57 41 84 56 65 9 23 55 32 50 1 82 38 77 10 39 79 90 93 81 46 66 7 86 24 59 98 62 33 64 26 0 97 36 72 78 76 31 67 11 83 60 74 91 87 3 12 42 14 5 51 58 53 80 92 96 85 71 94 13 19 40 49 34 61 16 89 22 2 6 29 8 37 17 27 73 21 69 15 25 63 70 30 52 28 4 48 43 99 35 95 
TEST 109 ARG:65 75 31 54 87 47 57 48 62 58 28 90 93 9 70 5 46 3 17 40 22 1 61 42 32 10 80 86 50 44 91 79 15 88 98 41 64 35 96 89 43 52 12 85 36 20 4 66 60 76 13 23 84 38 16 30 56 11 83 59 92 6 95 51 25 39 82 26 63 27 2 34 45 94 97 29 72 49 67 71 53 55 21 7 69 19 77 68 0 99 18 33 37 24 81 14 74 73 78 8 
TEST 110 ARG:2 26 20 78 66 40 95 65 82 42 73 74 36 93 48 28 19 49 54 27 15 25 71 70 7 83 80 37 33 55 0 1 79 44 51 12 14 13 6 9 32 76 3 84 85 75 53 96 92 57 98 58 52 89 90 69 29 81 5 10 18 67 21 4 46 30 38 22 35 64 34 17 87 86 72 16 50 99 39 60 45 68 47 62 88 91 31 24 56 94 61 77 59 63 97 41 43 8 23 11 
TEST 111 ARG:99 46 78 9 38 69 35 74 77 11 30 53 17 50 79 71 95 91 15 39 16 94 28 19 57 3 98 26 73 10 23 60 7 97 25 32 61 51 86 12 64 47 21 84 18 93 63 37 83 34 40 82 14 85 52 6 65 5 70 55 72 36 48 76 45 8 92 56 22 89 54 43 4 1 24 49 33 75 29 13 41 80 59 27 88 68 67 20 44 87 62 2 58 66 31 42 81 96 0 90 
TEST 112 ARG:82 15 5 37 6 53 34 55 93 12 38 36 85 89 45 10 65 70 52 41 30 79 97 61 23 39 35 96 31 75 51 0 14 40 66 99 7 11 88 3 64 18 80 32 54 57 77 22 8 24 87 19 16 28 63 47 90 94 17 56 98 78 48 43 60 81 27 62 1 33 95 49 4 13 59 50 2 29 46 86 69 74 20 73 21 58 25 9 71 92 91 83 84 42 72 76 26 44 68 67 
TEST 113 ARG:80 8 56 33 50 6 95 96 26 42 99 78 63 25 66 19 30 53 36 84 98 16 77 92 61 13 41 21 12 39 14 46 27 89 81 57 11 45 18 22 82 43 23 29 7 2 87 37 34 73 20 93 59 62 76 35 75 67 83 85 55 91 60 44 97 69 71 0 48 5 32 17 28 72 10 70 47 40 3 65 90 64 31 68 24 51 54 58 9 94 4 88 1 74 38 52 49 15 79 86 
TEST 114 ARG:51 1 77 80 88 95 63 50 55 2 45 8 40 30 94 64 75 4 54 99 68 39 14 71 58 23 37 5 34 60 3 74 12 79 97 91 83 11 76 15 98 25 32 81 82 61 16 26 67 42 84 35 85 90 21 92 62 44 78 9 19 65 0 17 49 69 36 47 93 59 73 46 7 27 48 57 70 13 29 20 33 24 31 72 56 22 87 38 28 66 52 53 41 89 43 86 96 10 6 18 
TEST 115 ARG:61 67 16 2 66 95 62 5 24 42 64 49 36 9 47 54 8 10 1 15 11 3 58 87 97 68 4 22 89 32 79 63 26 38 7 72 84 6 19 12 90 39 85 80 13 27 77 65 91 70 94 29 45 56 20 88 28 73 30 0 60 75 51 76 44 82 99 48 52 25 35 40 59 46 93 74 17 81 86 96 98 33 92 21 53 41 55 14 69 71 83 57 18 37 43 31 78 34 50 23 
TEST 116 ARG:65 50 27 26 33 76 46 49 21 84 20 48 16 64 35 13 47 8 11 45 60 77 83 97 38 31 81 98 0 89 99 24 54 6 86 14 1 28 69 17 82 32 36 55 9 94 57 95 40 42 70 71 67 5 80 90 43 7 52 72 78 75 23 44 88 22 93 30 62 19 85 53 74 25 15 91 34 10 79 3 66 4 96 59 68 41 18 73 51 37 56 29 92 87 63 58 39 61 12 2 
TEST 117 ARG:81 12 93 24 96 70 78 48 46 25 85 22 76 79 82 77 31 14 87 51 6 63 29 10 62 8 7 13 54 26 53 1 11 94 47 60 4 91 74 64 28 61 84 19 49 41 99 21 58 15 34 23 0 5 9 83 33 88 43 42 95 71 75 52 36 44 20 2 68 3 98 80 18 32 86 37 72 27 50 65 59 40 38 30 97 35 56 67 39 57 90 55 89 69 66 92 45 17 16 73 
TEST 118 ARG:21 5 81 71 46 50 75 89 22 88 87 77 2 58 23 60 63 84 30 56 61 78 0 68 98 54 27 41 91 43 28 47 42 16 40 8 39 64 53 20 86 52 19 13 99 94 9 96 34 35 51 73 6 44 18 92 26 90 55 1 70 12 95 37 76 79 33 67 74 24 3 82 7 97 48 31 72 85 38 10 15 32 11 4 66 29 36 69 25 49 65 57 62 83 17 59 14 93 45 80 
TEST 119 ARG:15 14 77 44 96 63 92 59 16 25 53 50 35 55 18 49 69 83 56 87 64 66 85 34 82 9 11 68 22 1 74 36 47 2 41 39 95 97 67 28 3 5 81 71 57 45 6 19 48 94 0 40 33 80 32 17 90 26 93 10 99 70 51 79 12 52 65 76 72 43 31 62 75 21 13 38 86 46 61 98 37 91 89 42 58 27 24 73 4 20 7 84 78 23 8 60 54 29 88 30 
TEST 120 ARG:20 79 89 83 41 65 33 74 76 49 82 56 6 48 81 25 87 15 3 52 22 59 91 94 84 21 16 88 86 13 1 57 34 19 35 55 51 75 8 95 50 99 36 45 30 58 32 97 14 98 37 4 46 17 78 12 28 9 93 24 67 77 61 96 71 40 23 73 64 92 5 72 62 43 60 7 42 47 53 44 80 70 90 66 26 0 11 63 10 2 68 31 54 18 69 27 39 85 29 38 
TEST 121 ARG:72 38 0 53 11 39 19 23 81 60 95 97 83 5 36 21 88 3 7 43 35 76 63 27 78 14 86 80 24 32 34 29 12 85 58 26 25 57 22 65 1 40 44 90 61 51 41 2 20 67 56 13 45 47 59 33 89 17 48 9 55 46 15 54 84 98 52 10 42 70 64 16 69 87 75 62 82 31 96 4 99 71 68 77 79 73 6 49 8 91 66 28 92 18 30 50 94 74 93 37 
TEST 122 ARG:18 76 78 24 87 2 27 20 69 29 17 13 51 36 79 83 61 39 37 7 90 65 23 60 22 57 5 95 70 31 0 42 73 43 6 48 33 49 67 58 82 12 86 85 32 47 72 50 75 92 9 26 68 91 63 40 80 15 10 59 38 21 56 28 62 3 35 98 84 41 11 93 25 16 34 88 74 45 55 71 53 19 44 66 96 97 94 89 99 30 52 54 64 14 81 4 8 46 1 77 
TEST 123 ARG:99 91 58 24 68 53 77 48 51 75 73 47 5 96 6 28 63 23 12 0 16 79 86 18 38 30 70 43 74 44 72 52 94 3 19 11 83 56 29 21 27 39 45 41 89 54 66 92 64 81 60 33 8 42 14 9 22 50 13 61 76 55 80 15 40 4 87 37 82 93 65 95 26 88 31 90 78 7 1 10 20 32 62 49 34 69 67 59 97 85 35 25 57 46 98 84 2 36 17 71 
TEST 124 ARG:17 71 33 49 40 70 58 37 76 48 92 25 21 27 84 6 90 29 7 74 13 30 82 62 96 42 57 53 51 59 22 73 88 89 16 31 1 8 93 23 60 43 64 69 55 91 15 66 78 83 81 46 26 11 4 77 5 44 12 47 63 99 80 86 56 10 0 3 24 39 20 75 54 18 32 50 34 85 61 94 14 2 98 45 9 87 19 38 36 95 35 28 97 65 79 72 41 52 68 67 
TEST 125 ARG:77 69 34 84 13 85 15 92 2 22 74 96 60 56 44 65 50 88 45 99 76 19 55 21 62 86 48 32 18 46 28 14 37 1 83 24 81 17 57 16 39 70 91 9 73 90 10 61 67 41 78 33 59 47 25 58 79 82 35 27 3 0 51 93 43 80 94 95 54 4 89 49 98 63 68 72 7 38 87 52 29 12 53 31 71 26 11 36 66 23 20 42 75 8 64 40 30 6 97 5 
TEST 126 ARG:67 80 39 61 88 33 68 75 83 11 90 14 85 91 77 79 47 43 81 19 78 76 59 16 30 7 50 53 58 13 42 86 41 28 25 45 21 2 73 71 98 97 84 18 99 20 37 1 54 92 9 0 44 56 32 3 60 24 36 64 63 51 49 94 8 10 74 5 6 26 89 96 55 95 12 66 69 82 72 40 38 17 22 34 27 35 4 31 70 15 52 57 48 65 46 87 29 23 93 62 
TEST 127 ARG:3 47 30 54 55 50 68 61 14 91 86 87 31 94 6 69 20 93 26 21 84 98 63 88 42 10 37 74 67 79 65 90 28 1 32 33 59 43 12 22 44 77 38 58 76 39 2 41 27 60 16 25 82 96 66 97 40 7 78 89 92 24 99 18 53 34 36 64 56 4 11 57 75 52 70 62 45 51 81 80 71 17 46 73 83 15 23 85 9 0 13 95 35 48 5 8 49 19 72 29 
TEST 128 ARG:27 12 71 51 4 73 1 44 98 14 43 47 38 10 19 50 89 21 30 90 80 0 6 23 45 58 61 69 35 92 78 87 46 40 70 59 63 67 60 54 79 86 75 68 33 16 15 56 29 39 42 5 24 55 91 34 85 9 18 22 84 83 72 11 49 41 48 97 94 7 96 57 2 82 53 28 31 13 32 77 17 26 36 74 88 52 37 20 25 66 95 93 99 81 3 64 65 62 76 8 
TEST 129 ARG:88 57 2 60 1 91 84 28 50 30 4 44 23 18 20 16 25 21 34 22 36 67 99 64 27 65 48 26 37 47 43 94 45 19 6 96 3 97 29 42 46 85 40 38 61 9 58 68 98 81 52 56 83 74 35 69 31 41 55 59 17 24 10 92 90 79 63 62 75 12 7 87 77 93 33 72 54 51 39 8 71 66 78 80 82 32 14 13 73 76 86 15 89 5 11 95 49 53 70 0 
TEST 130 ARG:87 1 81 82 15 12 14 13 62 95 48 41 50 83 7 3 75 70 0 64 77 30 73 98 40 54 29 60 39 19 91 97 78 59 34 18 68 56 44 24 76 71 58 67 47 94 99 16 27 35 6 38 23 45 84 63 66 93 80 92 53 79 57 52 49 61 25 90 72 32 86 51 85 33 4 20 2 31 21 88 22 42 9 36 26 46 28 96 11 55 43 17 10 5 65 8 69 74 89 37 
TEST 131 ARG:78 89 84 54 33 18 72 91 83 3 12 49 31 43 71 25 23 26 90 32 79 75 29 97 47 57 81 37 74 35 4 99 52 14 5 6 66 93 55 94 21 87 28 67 7 53 50 44 27 63 85 73 76 34 22 13 36 20 2 96 46 58 88 92 8 64 62 59 11 0 16 68 9 65 86 82 15 19 40 45 77 24 60 61 69 17 1 38 51 70 98 41 95 48 56 42 10 39 30 80 
TEST 132 ARG:81 48 20 46 3 89 41 58 66 59 12 49 38 93 57 9 25 31 8 32 94 60 15 56 55 24 10 37 36 29 44 79 30 77 86 1 45 2 54 5 52 74 39 53 16 42 40 13 22 75 88 47 78 80 34 0 63 70 43 18 33 28 6 91 72 98 97 26 76 62 23 90 92 68 85 4 87 96 65 84 19 64 35 50 51 95 14 69 61 83 82 67 27 21 11 73 99 71 17 7 
TEST 133 ARG:31 7 85 94 68 98 6 53 84 74 90 59 15 65 73 50 25 97 18 4 22 72 67 3 35 10 81 51 95 37 14 28 26 71 80 0 56 20 19 48 8 88 5 91 93 42 89 99 34 76 49 83 61 69 47 70 58 45 23 27 36 82 12 32 75 55 2 46 16 57 96 33 21 77 63 60 41 24 64 54 40 29 52 44 43 1 30 62 17 39 87 79 9 78 66 86 38 13 11 92 
TEST 134 ARG:64 89 78 24 12 35 18 88 39 83 19 95 43 66 8 48 26 81 20 74 51 62 60 53 85 21 5 7 22 92 61 98 49 77 32 82 17 30 59 41 14 80 93 10 73 70 3 84 28 15 13 55 58 45 42 63 72 86 67 1 34 50 97 69 87 11 71 6 47 65 25 27 75 96 52 91 99 79 16 36 31 9 54 4 38 57 46 90 44 76 33 29 23 37 0 40 68 56 94 2 
TEST 135 ARG:70 27 94 15 90 76 19 4 77 96 45 3 50 91 10 34 64 61 78 56 46 73 24 68 89 51 37 26 71 8 38 54 9 65 57 47 93 32 12 13 11 92 25 48 98 6 74 0 30 14 87 59 99 41 84 75 81 66 1 39 33 20 40 62 16 23 83 31 5 53 63 18 7 35 49 82 85 88 17 29 69 52 79 22 97 60 28 42 86 80 2 43 21 95 36 58 67 55 44 72 
TEST 136 ARG:57 98 79 2 28 40 7 53 78 25 17 13 44 34 55 23 73 91 96 71 5 59 84 32 74 51 87 58 14 3 42 81 64 52 26 20 10 61 47 11 0 19 39 85 69 50 43 77 15 35 31 92 70 24 95 94 45 29 48 56 16 22 82 41 8 90 36 89 54 37 99 38 97 6 27 80 18 68 63 62 88 72 21 76 49 67 46 1 12 66 75 60 65 93 86 33 4 9 30 83 
TEST 137 ARG:91 35 30 89 78 67 27 58 73 33 55 43 15 54 83 5 92 32 76 26 1 88 53 56 34 59 48 86 98 46 2 20 39 80 29 81 85 51 24 37 72 63 22 90 28 77 75 21 49 9 60 50 68 23 6 69 87 61 31 52 38 41 19 45 74 82 93 4 16 95 12 0 25 18 97 94 8 79 36 62 44 3 7 42 96 11 14 10 47 71 70 13 84 99 17 64 66 65 57 40 
TEST 138 ARG:48 49 80 75 61 89 11 87 35 55 20 16 63 17 50 30 40 66 53 12 95 58 62 42 24 83 26 28 72 65 3 14 94 86 67 73 76 68 38 36 8 59 21 6 78 37 19 98 46 90 44 54 39 56 29 69 9 27 32 5 71 84 97 23 99 41 88 2 15 93 13 1 92 64 4 31 10 45 51 82 33 96 52 74 70 79 7 77 85 43 22 81 57 25 0 18 60 47 34 91 
TEST 139 ARG:79 34 61 67 57 86 10 63 22 66 30 58 83 20 72 41 24 39 44 53 3 26 77 94 2 19 59 81 89 74 29 91 48 90 11 18 47 31 73 85 87 93 37 46 82 55 75 88 40 69 6 71 76 65 7 70 51 25 96 5 92 17 1 98 54 97 12 23 52 15 99 9 78 38 95 0 80 36 16 49 32 84 4 14 13 43 64 45 8 21 27 35 62 68 50 33 60 28 42 56 
TEST 140 ARG:62 40 46 15 47 80 52 22 36 57 34 1 6 10 4 3 83 8 82 5 96 12 35 28 68 89 88 7 77 60 33 48 84 72 50 97 2 67 58 65 63 21 49 44 79 90 27 61 38 30 13 19 70 55 11 0 25 99 85 91 32 87 71 73 64 24 53 26 17 41 69 56 45 42 76 93 16 75 78 74 14 81 92 86 31 23 59 9 94 66 39 29 43 37 18 51 95 54 98 20 
TEST 141 ARG:25 10 38 91 99 63 36 3 65 55 48 77 23 88 17 50 14 92 40 24 27 7 13 94 97 54 90 87 66 6 0 1 78 28 96 42 89 70 49 93 43 51 95 44 5 52 47 16 72 67 21 60 2 62 19 31 58 53 41 75 18 98 4 79 56 57 22 82 15 11 80 8 9 39 30 68 29 71 69 64 32 73 81 76 83 45 12 74 85 35 86 26 37 20 33 34 61 46 84 59 
TEST 142 ARG:34 96 85 4 71 88 80 33 40 3 97 56 36 11 26 39 7 92 23 9 18 20 41 69 25 94 30 49 66 79 32 29 95 45 58 81 47 77 90 76 73 63 84 99 83 13 59 22 43 16 91 27 31 19 17 1 2 44 61 28 72 55 15 86 87 46 82 70 57 6 51 67 78 0 38 98 14 60 89 24 42 5 62 53 35 54 37 48 8 65 75 12 52 74 10 50 21 64 93 68 
TEST 143 ARG:42 36 17 33 10 74 87 41 62 59 83 22 25 30 58 2 1 0 57 79 7 53 67 43 64 51 82 11 55 93 95 16 3 20 5 40 45 63 68 60 19 78 88 99 56 77 98 69 47 81 35 76 46 61 27 89 26 66 4 9 12 52 72 49 13 92 24 28 6 54 32 91 65 94 90 18 50 73 8 85 84 86 48 80 38 96 39 70 97 34 75 37 15 21 14 31 29 23 44 71 
TEST 144 ARG:17 73 48 16 10 99 34 79 3 23 85 72 76 1 58 25 33 22 63 94 6 67 28 0 14 50 8 80 81 37 29 40 35 74 41 70 2 49 43 21 61 5 12 9 13 95 71 45 66 86 31 91 62 18 11 88 7 36 51 46 97 32 24 20 39 56 4 53 27 84 77 44 26 92 19 30 82 68 90 52 78 96 54 64 42 98 93 60 38 57 87 69 47 15 75 89 55 83 65 59 
TEST 145 ARG:17 32 81 74 35 26 70 53 92 1 67 86 93 88 18 98 43 60 65 7 58 57 37 61 90 78 99 51 46 21 55 42 20 39 23 56 69 59 76 80 94 84 9 16 6 54 10 31 27 91 38 77 15 45 2 3 71 30 41 11 95 82 14 12 24 68 89 40 44 4 63 13 72 36 85 62 97 66 34 28 5 33 96 48 73 25 19 75 52 87 83 79 0 8 22 29 49 47 50 64 
TEST 146 ARG:92 38 75 95 17 61 32 67 31 13 29 6 50 96 66 73 21 57 58 11 27 33 49 41 8 82 89 78 52 9 90 70 45 47 86 88 46 53 35 34 26 0 43 91 18 24 64 87 85 56 71 54 72 93 59 84 1 83 10 94 12 36 2 39 5 37 42 48 23 68 44 51 80 77 22 7 76 98 16 28 79 62 30 65 69 19 20 60 14 25 74 81 15 3 55 99 40 97 4 63 
TEST 147 ARG:50 79 80 66 32 82 7 56 95 86 13 73 30 22 54 9 6 69 57 71 58 2 35 4 1 59 18 96 16 90 11 99 28 85 64 52 17 51 29 37 93 87 62 31 8 89 25 20 0 47 83 21 77 10 53 43 78 23 19 76 46 61 14 40 42 44 84 55 49 98 33 41 65 3 88 68 67 74 70 38 12 15 75 92 81 24 45 63 5 72 26 36 34 60 39 97 94 91 48 27 
TEST 148 ARG:40 77 94 18 88 72 95 54 26 30 86 84 60 58 65 41 85 47 70 53 68 59 6 31 19 44 15 32 63 43 39 0 76 81 1 27 8 20 21 37 4 14 64 75 2 99 55 16 98 89 92 71 79 90 7 12 29 96 13 22 51 49 38 91 25 48 23 45 66 10 61 17 78 33 74 9 82 97 87 50 36 57 46 52 62 73 83 3 28 5 34 69 11 56 35 67 80 42 24 93 
TEST 149 ARG:37 41 89 17 23 53 90 31 96 67 4 50 33 43 79 5 45 27 62 24 57 16 86 10 68 65 25 92 47 55 21 26 85 93 39 34 20 61 78 64 12 40 51 73 38 77 36 98 82 97 59 76 56 30 2 7 11 1 84 22 87 8 28 58 99 60 18 83 80 14 49 81 32 29 15 6 3 94 91 48 74 35 9 19 52 71 75 95 66 0 42 54 46 72 70 44 13 69 63 88 
TEST 150 ARG:40 80 2 87 88 6 97 27 26 83 81 38 67 99 51 15 34 35 94 7 58 16 70 46 66 89 78 77 5 37 62 84 12 21 25 30 17 68 11 14 56 86 55 8 36 95 3 48 69 73 61 53 49 41 18 74 72 76 45 1 54 28 90 50 0 31 75 4 92 33 71 13 64 91 59 98 82 47 65 43 60 29 85 24 22 44 19 39 63 23 79 32 96 42 9 93 20 10 52 57 
TEST 151 ARG:38 7 74 69 28 1 84 63 23 90 21 2 73 5 20 81 36 34 32 96 0 31 91 4 46 27 87 85 39 95 89 88 26 49 54 94 68 80 33 45 40 77 98 10 57 29 70 59 76 14 86 55 11 30 71 48 93 56 19 8 65 72 99 22 64 82 97 37 79 41 3 75 58 92 62 9 15 50 53 47 66 35 6 61 12 18 60 13 52 42 83 44 25 78 43 51 24 16 17 67 
TEST 152 ARG:52 63 31 90 62 33 19 39 17 32 86 87 60 93 13 43 76 73 1 57 37 21 89 59 74 36 69 64 75 65 14 15 16 94 30 4 66 38 10 5 95 45 0 54 70 40 71 51 97 29 77 88 23 47 18 79 26 2 53 85 81 8 80 24 82 9 61 3 28 58 27 96 34 78 20 7 92 84 6 91 98 44 99 50 46 72 11 49 22 68 12 48 67 41 42 55 56 25 83 35 
TEST 153 ARG:53 62 47 34 33 28 65 87 89 86 68 16 58 18 91 32 99 40 29 25 93 67 64 57 66 63 9 71 52 36 81 31 27 46 42 41 35 23 55 98 90 95 48 92 77 26 17 61 75 22 0 78 10 1 82 49 97 70 96 39 8 14 50 76 72 94 74 19 73 56 5 44 45 20 84 51 2 88 3 83 24 80 37 54 43 60 13 7 85 15 12 30 6 21 59 69 4 79 38 11 
TEST 154 ARG:64 15 93 75 11 10 65 19 52 51 62 44 74 3 48 79 56 0 92 61 8 34 27 50 30 53 87 26 35 18 17 33 60 57 12 68 63 90 66 83 41 76 58 80 72 98 73 38 7 86 16 95 94 97 47 96 14 54 25 1 37 67 23 28 70 77 4 99 91 89 85 21 40 69 78 32 29 39 24 36 46 88 9 6 71 13 20 42 82 81 22 43 5 31 59 2 55 84 49 45 
TEST 155 ARG:91 9 21 35 72 58 71 41 51 87 20 73 56 53 81 65 34 29 6 4 49 98 24 92 69 99 89 78 80 96 94 38 76 57 0 97 90 43 32 33 8 77 95 88 16 22 61 44 68 5 55 82 79 27 47 67 45 31 39 59 70 28 13 2 48 23 10 3 25 12 86 63 19 40 54 17 1 84 75 93 15 30 18 74 42 62 52 60 46 85 26 37 14 50 11 64 36 83 7 66 
TEST 156 ARG:57 29 65 81 62 45 79 11 61 34 9 94 50 4 2 92 19 46 28 99 68 95 40 3 47 56 86 97 54 12 82 42 90 39 55 75 5 74 13 71 0 51 33 76 87 23 88 69 58 49 84 30 59 15 80 22 70 8 44 85 83 14 53 43 16 78 63 77 32 27 73 66 6 10 91 24 37 7 93 1 38 89 48 35 67 72 52 21 25 26 60 96 31 18 98 20 17 36 64 41 
TEST 157 ARG:51 8 21 39 36 2 25 55 33 91 94 60 1 66 63 0 29 67 46 84 72 44 97 16 14 24 74 76 35 77 99 22 62 96 38 56 78 79 73 81 15 93 88 11 86 69 53 6 90 80 9 28 85 98 89 58 71 95 7 47 23 75 27 52 45 83 41 48 26 18 68 59 57 12 43 32 20 5 70 92 42 19 13 34 64 54 61 31 10 37 3 4 49 65 40 82 87 50 17 30 
TEST 158 ARG:45 60 39 15 28 14 43 23 41 1 76 13 24 64 2 93 46 83 98 71 40 26 55 86 11 72 49 10 91 67 34 9 30 69 5 74 90 77 52 33 21 16 92 25 85 19 42 75 56 59 73 0 96 68 35 22 51 36 17 38 94 48 18 80 63 54 89 20 84 58 95 12 7 62 6 32 88 27 29 53 61 37 78 47 97 79 70 82 50 31 66 99 8 81 65 87 3 44 57 4 
TEST 159 ARG:40 4 80 18 25 31 97 22 7 84 43 52 8 98 28 71 66 42 81 67 89 90 79 17 13 63 9 14 45 5 86 41 34 57 85 70 15 47 62 99 55 35 48 94 92 68 60 36 20 1 53 3 59 77 24 33 91 65 10 72 49 95 96 69 16 2 23 39 21 32 29 87 0 27 93 58 83 38 51 30 46 19 54 76 56 78 6 88 61 37 82 73 64 26 12 74 44 75 11 50 
TEST 160 ARG:98 68 17 56 10 29 15 99 1 40 86 90 47 22 66 0 7 92 96 73 38 8 69 80 72 6 23 85 76 48 13 58 37 46 70 65 3 19 33 60 20 62 95 27 49 30 43 44 81 53 52 16 74 84 64 61 77 14 35 78 31 24 88 87 28 83 18 57 34 4 51 89 59 9 71 75 91 21 55 36 11 93 50 45 41 39 63 25 2 82 42 26 12 5 79 54 97 94 32 67 
TEST 161 ARG:57 87 17 11 58 79 7 16 24 2 13 76 90 55 51 22 30 83 74 47 18 93 71 54 60 19 98 0 48 65 43 89 31 1 80 81 35 50 91 9 39 67 88 21 64 66 84 15 53 49 68 70 61 25 14 86 56 77 99 5 20 8 32 23 95 63 4 36 72 59 28 29 3 37 92 69 75 82 45 12 78 26 44 6 27 96 94 85 41 46 40 38 73 42 52 10 97 34 33 62 
TEST 162 ARG:49 74 68 53 99 65 71 6 76 42 80 92 23 9 61 11 59 98 86 13 69 19 26 36 8 0 48 24 4 40 64 77 31 82 41 3 43 97 45 72 50 27 58 44 47 28 75 7 25 51 37 67 35 22 62 83 17 85 60 94 10 18 66 29 81 12 15 56 73 32 46 16 84 5 33 90 78 30 88 57 2 1 14 93 21 34 54 79 95 20 96 39 38 55 89 52 91 70 63 87 
TEST 163 ARG:1 78 28 21 25 98 52 23 66 86 68 43 46 97 15 20 12 27 84 53 95 48 10 72 82 74 87 80 71 57 64 63 58 89 42 92 14 39 38 44 85 2 61 26 9 73 41 30 81 93 51 11 3 32 70 17 77 94 45 56 88 83 67 5 35 8 55 65 7 54 99 69 62 79 31 6 19 40 90 96 50 37 18 13 75 33 34 49 76 24 47 4 59 16 36 91 29 22 60 0 
TEST 164 ARG:49 15 47 32 85 3 68 69 55 75 13 21 97 53 98 2 66 71 24 83 40 56 35 33 28 44 25 37 79 74 91 77 14 67 89 30 63 5 93 73 43 81 1 51 59 11 90 27 95 31 80 50 39 7 87 72 38 48 92 29 96 46 9 45 65 16 62 58 64 70 99 52 19 8 78 54 10 36 12 20 0 82 57 41 17 88 94 23 22 4 84 42 26 86 61 18 76 60 34 6 
TEST 165 ARG:25 44 57 65 11 55 3 8 12 36 51 77 81 86 61 79 73 53 93 24 47 19 41 70 75 83 84 63 31 30 72 16 48 90 91 58 33 13 20 22 49 62 46 95 7 4 50 76 27 17 94 64 38 29 89 10 67 82 34 28 37 6 87 59 78 69 96 26 68 40 56 99 74 85 14 5 35 0 42 80 98 88 39 60 66 21 71 15 2 9 52 54 97 23 1 32 92 43 45 18 
TEST 166 ARG:62 13 47 73 81 7 18 38 46 50 69 34 55 37 16 83 82 40 80 72 41 76 78 59 97 31 42 64 2 48 65 3 54 24 29 39 86 10 30 74 36 67 4 17 75 99 95 49 32 70 0 20 26 43 93 9 45 19 11 53 23 1 71 84 6 33 60 88 51 52 58 79 61 85 63 5 94 8 98 89 44 28 21 96 15 25 27 87 14 12 56 90 77 92 68 22 91 66 57 35 
TEST 167 ARG:85 5 30 44 98 9 48 16 52 99 86 53 54 59 4 38 18 82 46 24 97 62 63 34 58 77 69 81 94 60 33 14 42 13 17 19 10 35 68 67 71 37 89 49 47 55 56 66 90 1 8 27 22 57 88 78 64 26 84 7 80 61 32 51 65 28 39 73 76 20 75 36 83 95 50 12 23 79 29 43 87 0 11 74 93 21 2 72 45 15 92 25 91 40 41 31 70 3 6 96 
TEST 168 ARG:65 83 73 60 58 38 63 51 84 78 49 99 7 71 89 42 22 46 85 9 41 11 19 61 35 1 95 91 43 81 97 88 47 24 45 98 62 21 37 86 34 82 17 33 32 12 26 80 2 15 16 48 10 13 57 44 27 77 8 4 76 0 50 36 72 68 64 31 14 25 74 94 39 53 69 28 20 75 40 6 92 70 30 67 79 52 3 56 90 5 23 87 66 59 55 29 96 54 93 18 
TEST 169 ARG:61 55 33 26 15 21 8 63 97 38 90 36 20 69 51 58 2 95 57 18 65 72 91 47 30 49 96 87 37 48 75 79 25 56 81 60 40 93 54 14 45 16 22 42 85 83 24 68 13 12 99 29 76 94 84 35 39 5 3 11 4 92 1 71 50 62 46 34 27 53 6 74 86 9 0 98 41 7 43 32 44 23 77 82 52 67 80 59 64 78 73 89 70 28 17 31 66 19 88 10 
TEST 170 ARG:15 30 75 53 27 29 39 18 9 58 56 23 67 69 60 35 64 82 4 8 38 3 24 37 16 25 89 91 26 76 44 78 88 45 10 80 1 70 13 63 14 32 7 92 54 90 77 42 66 20 50 65 21 84 41 57 11 86 55 79 96 36 0 40 6 94 95 46 5 31 61 98 73 97 2 93 12 28 87 81 34 19 72 52 62 85 22 59 17 74 33 68 48 51 47 49 99 83 43 71 
TEST 171 ARG:31 80 53 78 64 71 79 57 86 99 96 44 81 17 22 41 73 88 10 24 58 0 15 39 1 65 50 8 55 84 2 63 52 20 3 72 92 43 33 60 94 35 76 9 38 67 49 91 7 27 25 83 69 40 14 18 74 61 11 13 36 30 42 4 29 98 51 97 66 85 68 5 59 70 26 56 12 23 37 95 47 82 32 21 19 48 62 54 77 89 6 16 87 75 28 90 46 93 45 34 
TEST 172 ARG:64 82 28 92 98 6 66 79 17 90 65 27 72 96 10 11 19 75 20 0 26 93 69 63 33 76 49 4 62 38 34 44 84 13 23 91 55 5 24 67 59 30 54 9 47 1 14 36 95 25 35 53 74 87 99 39 61 68 73 57 56 12 43 70 94 22 37 8 48 51 31 41 42 29 88 32 89 16 85 50 40 46 7 71 86 45 97 80 77 18 83 21 81 15 52 2 58 78 3 60 
TEST 173 ARG:47 46 27 96 73 98 97 80 71 60 76 0 33 37 51 16 83 69 57 39 74 31 77 38 81 35 89 61 78 86 21 12 26 92 63 7 3 91 48 53 41 87 9 24 75 56 90 66 84 67 45 79 5 94 43 20 19 10 62 4 40 95 23 17 59 36 1 50 58 42 88 54 64 65 8 82 32 52 55 25 85 68 72 30 44 22 14 6 11 49 13 18 2 99 70 28 34 15 29 93 
TEST 174 ARG:65 49 27 96 77 71 63 0 4 51 34 53 92 52 26 12 40 69 11 91 36 70 20 3 38 57 83 87 19 22 15 7 45 10 78 64 44 29 2 18 8 46 81 43 28 5 21 67 73 76 59 35 50 47 31 58 17 95 1 72 75 39 42 97 33 62 32 94 86 93 66 84 48 99 88 61 25 60 9 68 30 74 82 98 13 14 24 90 80 79 41 54 16 37 89 55 85 6 56 23 
TEST 175 ARG:96 43 89 61 50 37 58 2 22 98 76 25 60 87 42 28 8 84 67 34 5 55 40 3 47 51 10 0 39 48 68 83 16 65 31 72 13 30 81 38 80 66 93 18 56 92 97 63 21 88 70 24 46 74 26 17 62 75 79 94 4 23 99 29 78 35 6 86 53 33 32 82 12 36 20 44 69 1 73 95 15 19 27 85 57 7 52 11 9 64 45 71 91 77 59 41 54 14 90 49 
TEST 176 ARG:35 24 54 58 97 55 81 51 2 84 98 67 19 71 61 94 95 31 29 15 48 83 52 78 57 68 85 96 50 44 13 28 8 38 25 53 9 88 90 60 93 66 41 23 0 65 17 49 12 82 1 46 32 42 45 76 37 43 91 80 89 70 27 30 18 34 11 3 63 79 21 36 33 6 75 77 7 14 72 26 62 64 4 5 87 74 73 56 16 22 99 10 40 69 20 39 47 92 86 59 
TEST 177 ARG:57 60 17 13 65 70 33 56 50 46 38 58 5 4 93 27 30 24 22 39 15 2 10 62 77 1 83 59 44 16 6 20 85 34 87 86 80 28 52 98 99 43 23 82 89 79 68 45 9 35 51 18 67 11 25 29 3 48 26 74 69 84 81 49 53 90 78 41 19 64 66 32 40 73 61 54 92 31 8 97 42 21 37 71 96 14 95 63 94 55 91 76 88 47 7 12 75 36 0 72 
TEST 178 ARG:88 81 77 64 10 5 80 46 13 16 21 30 70 43 99 22 47 83 14 55 71 32 54 3 97 79 23 26 11 50 0 35 89 95 78 20 40 82 60 4 28 65 53 38 48 34 91 37 36 87 52 86 8 72 15 17 96 56 94 74 45 27 92 85 66 68 9 29 90 41 18 67 75 39 31 12 24 57 2 58 73 59 63 44 6 93 62 19 76 33 7 69 1 61 42 84 25 51 49 98 
TEST 179 ARG:85 40 28 6 80 87 62 75 11 97 35 8 81 94 89 32 83 76 99 36 31 51 33 70 21 54 90 98 30 66 78 77 38 17 0 56 71 16 65 58 37 3 46 48 59 20 1 15 57 72 26 91 23 49 5 2 44 86 12 67 10 55 60 47 41 34 13 27 61 25 63 74 68 14 52 95 96 42 53 88 69 64 39 18 50 29 19 84 24 92 79 4 73 45 7 82 22 43 93 9 
TEST 180 ARG:29 42 10 22 65 90 0 84 93 1 53 26 64 31 73 12 27 46 99 40 89 54 98 32 78 48 28 35 62 97 33 11 2 69 60 43 21 63 39 94 85 36 13 59 5 79 9 76 74 17 14 47 50 37 52 72 25 81 30 18 8 87 82 45 34 6 61 83 15 96 71 68 86 75 70 88 49 55 56 44 19 58 4 77 38 16 51 23 95 67 57 7 24 41 92 66 91 80 20 3 
TEST 181 ARG:35 97 20 80 78 60 95 87 5 92 70 14 37 71 63 59 61 7 8 65 79 73 88 69 84 48 50 81 55 98 13 56 24 30 25 76 32 91 66 43 33 49 4 94 16 46 51 89 1 10 29 45 96 39 52 74 47 9 83 18 82 75 27 58 2 34 21 41 31 67 28 77 57 62 44 72 68 12 99 11 90 53 42 22 23 40 93 19 0 85 54 15 38 3 86 6 26 17 36 64 
TEST 182 ARG:27 10 41 50 7 26 47 4 29 3 9 13 51 69 23 90 58 43 92 31 83 93 20 96 2 75 71 33 6 62 88 95 87 80 68 54 81 52 57 65 79 63 8 86 78 97 60 73 55 74 39 0 85 15 84 89 77 94 34 35 49 16 76 36 40 61 19 14 28 70 21 45 46 24 82 72 98 12 67 32 64 1 38 66 53 44 42 11 99 18 59 22 48 25 5 37 56 17 91 30 
TEST 183 ARG:66 60 69 35 34 57 71 90 58 50 24 76 59 81 15 8 62 17 40 77 1 16 20 33 46 42 2 30 13 22 29 26 98 70 4 28 10 67 97 36 74 47 19 92 39 68 82 61 53 27 87 25 99 72 55 54 64 37 18 95 0 6 93 73 78 79 43 48 38 94 49 84 45 14 9 65 44 23 52 91 7 21 3 80 31 83 89 75 85 56 51 41 5 32 63 86 96 11 12 88 
TEST 184 ARG:86 60 92 53 9 26 23 16 21 78 88 72 31 18 96 95 7 27 37 36 34 2 15 4 33 81 61 65 35 91 22 51 47 58 55 42 38 97 24 54 66 19 93 89 6 85 62 11 25 0 80 41 50 5 44 29 73 3 1 64 8 67 39 32 82 12 77 79 68 84 52 98 56 14 99 13 76 46 94 87 57 43 63 83 90 20 48 28 49 10 75 70 30 69 40 17 74 45 71 59 
TEST 185 ARG:94 23 68 77 81 66 37 99 31 57 74 98 7 70 71 35 24 42 28 34 5 15 12 64 82 41 58 4 69 84 19 39 30 54 59 86 29 75 8 63 88 0 85 20 51 32 17 53 73 43 91 27 3 52 45 21 13 26 40 50 2 14 11 1 48 46 95 6 47 65 25 83 78 67 60 10 76 56 61 93 89 92 38 49 36 55 96 79 80 97 9 18 44 33 90 16 87 62 72 22 
TEST 186 ARG:1 20 31 89 86 92 26 88 80 90 73 38 56 42 39 67 75 27 76 61 82 43 74 96 71 23 68 94 81 14 49 18 98 60 15 59 8 53 7 30 45 58 41 44 6 13 10 32 17 69 47 37 46 25 66 16 99 12 57 50 84 34 36 70 51 85 35 33 78 40 83 87 29 55 52 28 63 24 91 54 5 64 95 93 3 0 65 48 9 4 97 2 77 19 21 72 79 11 62 22 
TEST 187 ARG:2 64 98 53 17 5 28 29 25 94 80 3 69 73 99 96 47 87 31 46 67 83 90 41 71 85 33 44 57 84 65 23 45 36 18 70 72 11 20 81 79 68 60 48 78 21 77 61 37 55 35 49 40 26 86 93 34 97 75 38 51 89 6 10 4 27 7 52 82 91 74 63 13 30 19 95 14 12 43 92 59 8 22 32 88 66 50 9 56 76 62 1 39 16 0 54 24 42 15 58 
TEST 188 ARG:66 7 97 13 74 42 14 92 98 50 28 60 81 64 2 54 15 63 93 36 11 71 91 55 96 53 99 67 65 57 49 43 41 78 47 51 4 32 6 38 5 24 27 56 87 17 33 39 16 76 95 25 45 3 19 77 29 80 23 31 72 12 62 0 75 21 35 86 88 79 61 40 20 58 34 18 10 89 30 9 46 52 73 70 44 85 68 59 8 94 90 83 84 26 22 48 1 69 82 37 
TEST 189 ARG:68 55 43 58 95 28 81 24 21 41 22 67 73 30 0 15 61 26 72 97 46 50 20 62 5 27 96 13 1 85 70 52 33 87 82 98 63 89 71 39 88 57 64 36 29 6 9 32 86 23 38 7 2 4 99 54 60 18 44 79 49 75 91 83 53 76 25 90 34 12 11 10 77 66 16 93 94 47 59 80 35 74 37 92 14 17 3 48 42 56 31 19 45 69 78 51 40 65 84 8 
TEST 190 ARG:47 30 11 81 91 85 80 28 34 33 41 87 65 67 86 1 54 21 64 9 99 37 23 26 84 45 69 38 29 50 49 72 74 18 10 4 22 73 15 57 66 0 24 63 32 59 79 55 42 8 58 92 35 56 88 16 89 12 13 20 6 94 48 70 95 14 93 98 43 82 61 51 19 25 75 97 7 5 53 76 2 31 52 83 60 36 40 17 77 71 3 44 68 90 46 78 27 96 39 62 
TEST 191 ARG:28 0 39 7 55 31 87 84 95 63 47 92 15 71 59 89 67 75 80 60 61 18 41 86 58 53 33 23 19 51 20 69 9 76 8 45 17 70 10 83 27 29 42 62 22 93 26 72 14 73 74 16 56 32 38 50 65 5 68 2 94 37 99 57 90 98 21 36 11 52 35 54 25 66 13 88 79 97 64 3 78 40 77 44 24 49 91 30 34 48 46 12 96 82 43 1 6 4 85 81 
TEST 192 ARG:88 85 2 70 37 52 78 35 23 89 5 44 71 93 55 73 49 84 96 17 98 36 1 81 76 25 39 57 26 68 63 50 60 8 59 31 20 61 41 24 38 45 47 82 10 74 86 53 79 66 95 15 9 22 27 7 32 14 72 97 0 91 46 92 80 69 90 62 64 94 29 3 87 11 65 13 12 75 21 48 77 99 58 19 6 28 56 18 40 43 30 42 54 83 34 51 33 67 16 4 
TEST 193 ARG:87 97 30 74 55 36 45 98 0 39 49 4 34 62 42 9 20 48 53 10 41 59 21 46 77 27 8 31 54 52 85 12 79 99 57 22 65 44 1 86 24 50 93 75 38 43 96 92 7 82 61 71 81 23 51 78 25 68 80 83 19 26 18 40 95 47 32 89 84 15 70 94 56 91 90 35 64 60 6 5 88 17 37 63 14 2 69 3 28 33 29 76 58 16 72 67 11 73 66 13 
TEST 194 ARG:65 41 58 91 62 68 1 77 48 2 99 82 69 24 80 63 85 28 66 47 7 40 88 25 46 20 29 53 45 72 38 4 34 13 36 70 75 10 30 18 87 61 71 14 21 6 33 83 96 74 17 55 89 76 31 98 57 59 43 97 67 94 49 79 27 78 0 8 95 12 51 3 50 56 15 73 37 19 90 22 39 52 81 84 35 64 23 26 16 92 42 32 54 86 11 9 60 44 5 93 
TEST 195 ARG:41 19 64 48 92 47 9 73 55 65 84 24 30 61 17 87 26 28 12 90 31 2 88 29 91 34 21 77 95 71 50 52 93 81 14 83 23 42 63 67 7 3 66 13 6 20 25 62 72 39 74 57 75 96 43 36 46 0 32 33 16 37 56 15 27 45 53 38 11 49 51 68 89 22 85 60 10 40 78 44 97 18 99 79 1 4 76 86 35 94 5 59 54 70 82 58 98 80 8 69 
TEST 196 ARG:11 26 40 87 39 71 32 95 83 31 56 1 69 89 66 21 61 25 58 67 84 22 15 18 73 27 68 9 49 94 80 46 98 30 99 36 2 8 37 90 14 12 77 64 42 70 45 54 51 20 60 65 92 50 63 35 57 6 85 79 28 19 16 53 33 47 44 7 76 4 17 74 96 23 88 72 38 78 29 10 43 86 5 81 24 59 82 97 55 52 93 3 62 48 0 41 13 34 75 91 
TEST 197 ARG:2 43 75 86 33 6 53 0 66 19 52 88 49 61 36 57 54 51 42 97 48 24 98 45 59 65 68 1 55 17 18 29 37 95 85 90 56 8 67 28 40 71 34 31 38 23 76 30 83 12 94 3 9 44 87 26 4 63 16 39 13 10 47 46 62 41 27 73 96 14 77 81 21 5 69 11 78 64 80 82 32 15 99 50 91 35 79 58 72 25 74 89 7 93 70 92 60 20 22 84 
TEST 198 ARG:99 86 53 98 55 42 39 31 97 70 54 56 59 8 52 91 79 64 92 4 71 57 33 34 49 30 82 43 66 69 9 95 27 13 26 73 1 20 24 90 38 84 10 60 47 44 32 65 75 78 81 50 5 12 3 41 68 61 0 22 35 29 58 76 36 88 37 45 16 23 51 14 7 28 89 74 83 46 17 63 2 18 6 87 96 25 80 93 62 77 48 15 67 40 72 85 11 21 19 94 
TEST 199 ARG:50 83 11 82 70 40 6 73 12 19 78 49 88 54 79 75 15 55 56 8 5 62 13 87 24 77 96 33 91 57 17 63 20 34 80 65 23 48 30 7 84 53 29 42 41 59 45 52 67 43 16 25 61 22 98 32 72 36 76 21 89 35 47 60 37 81 68 3 90 95 93 0 9 51 26 58 71 74 18 39 97 99 46 27 31 64 66 94 38 2 44 1 14 4 10 86 85 69 28 92 
TEST 200 ARG:30 45 56 85 40 14 78 88 36 41 6 79 20 64 35 15 21 50 86 5 60 87 75 31 92 39 46 16 91 76 1 33 96 71 74 37 62 9 42 67 38 2 89 98 3 7 8 94 99 29 57 22 18 70 68 43 28 27 65 97 10 82 77 26 34 61 0 93 55 24 52 54 11 69 4 19 66 51 81 73 95 90 12 44 47 83 48 32 59 58 80 13 17 63 72 49 25 84 53 23 
TEST 201 ARG:29 90 77 43 78 2 48 85 7 88 58 26 52 91 95 60 89 39 84 44 86 62 33 71 35 57 74 64 3 11 45 5 30 94 70 55 1 16 69 61 49 46 68 0 82 15 38 20 12 96 93 80 9 76 37 83 22 99 67 34 59 87 28 6 63 23 75 79 17 53 32 65 24 47 27 51 13 97 98 41 92 36 50 73 56 42 18 31 14 40 66 81 4 72 19 21 54 25 10 8 
Multiple size <= 500
TEST 1 ARG:-82 43 199 -69 -51 193 -78 -75 -100 56 18 106 164 -72 25 179 -47 34 -202 10 -170 -12 -85 78 -190 -242 61 81 167 -223 3 -134 101 146 -153 220 31 50 92 185 103 -52 -168 -247 1 237 44 -11 -61 202 -151 -183 26 115 -152 177 -25 4 207 -64 35 197 -48 153 -142 38 -93 -225 24 -208 -59 -220 147 247 -163 -41 -192 42 -128 -250 -86 16 -55 132 55 47 -112 88 -185 -191 -146 -43 -147 58 -246 141 -21 -5 69 227 188 -176 102 66 213 -180 9 -195 85 171 -3 217 116 156 -17 -103 -205 113 128 -219 51 -138 11 -215 98 239 -175 110 65 -124 111 -121 -73 205 223 172 -245 125 -130 229 6 145 71 -8 240 13 -160 -155 183 -15 46 -1 -182 -28 -58 -84 -98 -113 -2 91 73 -213 -70 211 144 186 -131 -35 130 86 79 131 -42 170 182 -231 150 -91 -120 151 -6 -117 107 -218 225 -123 -159 -203 184 17 22 -53 232 -207 37 -67 189 72 201 12 158 -83 53 62 83 -239 109 134 15 -217 -236 159 -7 90 87 -188 -10 -119 140 -101 -13 160 245 -181 -126 234 187 -227 -122 -240 -36 -109 -161 209 226 -54 -150 -216 99 -50 233 212 142 -230 52 190 157 244 28 -179 -16 194 204 100 -108 118 7 181 -189 243 224 248 -171 215 -39 63 -34 241 -18 -187 221 122 -87 242 -49 -143 -89 21 126 -114 120 -169 40 -162 136 -249 -241 -56 -229 -29 49 -243 200 149 -96 -94 133 -63 36 76 137 -226 180 121 -62 -186 -165 -157 -135 -149 -174 -104 173 135 -145 -105 -118 -57 -224 57 -139 -46 -210 174 -27 -209 2 97 214 -107 -214 39 -211 8 191 143 -222 -167 228 152 64 -30 -33 -127 196 246 236 -111 235 -38 166 82 -178 95 114 -31 203 216 -132 169 20 67 -233 -76 176 238 -141 -40 -221 192 -235 -232 -129 154 30 5 89 -45 -68 -184 -22 -99 96 45 75 -199 -158 -66 -166 -74 -125 -26 -23 29 -140 59 -148 139 48 -32 32 165 178 -228 168 195 14 117 219 -110 -71 -237 210 93 249 -234 -65 230 112 -81 -37 41 -92 104 -172 54 27 -20 -4 23 -212 161 -115 231 -77 -204 -201 -173 -197 222 148 -156 -198 0 -24 -194 208 -133 -244 206 124 -196 68 155 33 198 -97 -44 162 19 127 119 -154 74 -80 -14 -116 -144 -136 -137 84 -95 -79 129 80 -19 94 -200 163 70 108 -164 -238 218 -206 105 -177 -193 123 77 -106 -90 175 -248 -88 138 -60 60 -102 -9 
TEST 2 ARG:-105 -33 136 -213 58 -119 241 56 104 46 142 81 173 248 -162 -56 226 229 36 -88 246 113 119 -246 -29 160 162 -163 -9 218 30 -154 201 172 -244 -35 163 99 -224 -83 -127 -215 43 -187 63 -84 14 -189 69 137 -217 -112 135 -75 -179 11 -67 216 180 -233 -169 -145 -77 -177 94 8 34 -241 134 192 209 128 110 23 225 97 -68 66 -91 205 -185 -38 -37 -152 153 50 -248 -159 12 3 222 -3 195 -142 -175 -204 28 230 29 13 188 20 -111 212 210 203 -42 -199 223 -206 -164 -22 215 71 -14 -178 -44 -5 -214 24 117 -129 59 -226 -94 52 -231 237 -209 -92 86 130 96 103 247 123 77 64 -245 169 -190 -195 -89 2 -51 220 -74 115 9 -32 -207 -96 -45 -167 132 61 -60 -227 -82 -235 107 44 -86 -131 -234 244 -61 148 -53 -176 158 249 27 -237 -174 -166 -27 -143 35 228 -223 -55 -165 -125 122 92 18 -229 -23 -62 -126 -228 -238 145 -97 -93 10 170 -28 102 133 -219 -236 -76 187 127 112 -160 31 198 33 85 -104 -102 68 -220 -132 -18 -15 -183 177 147 -20 -230 -208 -90 -120 202 171 200 118 47 -47 245 -144 40 109 167 -95 41 221 -181 -100 -46 -239 49 -11 -13 -39 -85 21 227 39 -69 178 15 217 87 80 213 65 -156 144 186 111 120 -150 -121 190 37 -171 239 -194 114 -249 124 156 -57 151 -157 242 -19 152 26 -99 196 -136 -30 -155 -50 -115 -81 -130 131 60 -200 -198 -197 -139 32 185 -72 -192 -79 219 82 168 -186 -158 -216 161 207 -73 19 193 -191 -188 165 189 -31 90 -149 -98 84 -110 174 140 -168 108 -141 -221 -218 53 78 208 72 -65 48 -21 -1 -147 -184 -103 88 89 -210 45 143 176 -182 25 -117 182 206 243 -170 -71 -113 -193 -138 -146 -52 181 204 194 54 240 6 16 -41 175 70 141 154 -247 -16 -225 -108 5 -151 73 -133 139 -242 -116 159 62 231 106 -118 98 -172 -196 51 -243 -40 74 95 166 -8 157 116 1 -203 22 -17 -64 -201 -4 138 101 -25 4 -70 -137 79 155 184 -109 146 224 57 -211 129 232 179 -140 7 -58 -240 191 164 211 55 -122 -6 149 234 214 -12 -250 238 -36 233 -49 -107 -222 -54 0 -87 -153 76 -114 -180 105 -78 -123 91 38 -43 -161 -134 -48 126 -2 121 236 -80 -205 -202 -10 -101 -106 17 83 -63 -148 183 100 125 -173 -135 -124 197 -59 -128 150 42 199 -7 -66 67 -26 -24 93 75 -34 -212 -232 235 
TEST 3 ARG:-29 -164 -12 -109 -203 89 -223 -43 222 -111 -140 44 38 18 101 -19 -3 -209 -118 -228 -104 62 -144 116 123 -242 -227 87 -73 -37 211 215 -202 -215 -159 -35 54 -136 5 -182 -67 146 221 -236 50 129 158 -96 -221 31 -165 249 11 109 185 35 -238 -197 174 -66 -230 26 -124 -9 -232 192 149 -196 106 171 -49 -1 -141 20 65 230 -235 -168 68 -40 -179 -205 -24 -246 173 -102 140 -101 -110 -185 79 3 -194 154 141 -188 -126 -225 73 -14 66 1 -94 224 -125 -243 52 -210 -79 -224 80 237 210 226 191 183 6 51 231 -26 -172 81 -173 16 41 -8 209 204 27 13 85 -83 193 7 240 -217 -250 -180 -239 30 59 -17 -117 -46 200 -62 47 -200 181 82 -87 -32 -211 15 102 196 -154 4 -7 -100 115 29 -68 17 -60 63 170 -214 -22 151 172 -81 -128 -156 -178 219 71 61 -181 40 90 94 118 -41 220 119 57 -148 217 -23 187 93 69 -152 67 -18 32 162 78 -231 218 -186 -45 190 -105 84 -76 -249 216 83 48 -16 179 126 175 125 19 -157 -193 -4 212 159 -97 -166 -52 -70 -44 153 -72 233 -237 25 72 -176 148 -248 -114 144 24 -171 213 234 -13 -91 117 39 -204 108 -90 -54 202 -47 12 -206 112 198 -218 -241 -38 92 -61 160 189 114 74 -36 33 169 -207 -183 -71 -53 134 199 139 -132 95 -199 -216 -99 138 105 164 -88 142 -222 86 -201 -119 127 -33 8 248 -187 214 104 247 168 -208 98 -191 -133 -21 -127 -78 2 28 120 -149 -161 -162 64 -6 145 136 96 244 228 -143 -247 -56 -92 10 55 -129 -20 -65 -69 56 -174 -130 -234 -123 -27 225 -48 -15 -167 22 58 0 -59 -85 205 23 -63 -229 137 182 -153 -151 207 107 180 -115 -146 36 46 131 -150 21 235 -190 -155 -145 128 -39 75 242 49 45 236 -75 -57 91 42 243 -2 -138 163 -86 -25 100 132 177 229 -108 -142 165 167 70 194 -42 -158 99 -98 122 152 9 97 -77 76 111 -169 208 -135 -11 -82 -122 -240 241 246 -106 -213 43 -113 121 176 -89 245 -31 143 -80 -244 203 -198 133 -233 178 184 124 227 -170 -107 -137 238 -226 88 -160 135 -120 130 -189 34 -184 -245 232 53 -192 -103 -177 37 197 -219 186 -30 103 -95 -112 166 -10 -116 -84 -5 -134 150 -55 -28 -74 -58 -64 161 14 -212 223 155 110 195 157 77 -220 239 60 201 -50 -163 -93 113 -34 147 -131 -195 -139 -147 206 -175 156 -51 188 -121 
TEST 4 ARG:119 24 123 221 57 -120 -65 -216 -153 -195 -116 -201 -137 36 -185 -34 152 -3 -10 -105 11 -1 -157 130 186 -81 237 -127 -190 230 -37 146 -82 -129 -249 49 -152 207 -191 -162 179 53 202 -35 -59 153 185 118 85 -23 -70 39 89 69 -192 189 108 -124 154 -84 -228 138 -73 82 -80 -211 -66 46 101 -230 220 84 44 224 66 99 90 -109 225 128 -52 -167 243 -108 26 62 15 244 52 40 29 -160 -168 -149 126 -146 23 -67 -7 -72 -40 22 67 -161 -112 70 83 197 184 12 -225 129 -77 235 79 -131 -117 -176 -169 -163 -51 120 219 -75 -184 -155 63 -30 -89 -92 140 149 -240 114 180 -50 -232 68 37 -104 -150 97 156 248 -217 -90 -148 239 13 -87 -206 -222 173 127 135 132 -188 -56 27 177 131 -243 -27 240 232 170 -64 183 -68 136 -29 -241 -139 231 -247 228 -154 -245 -219 -248 112 -119 -78 34 -239 -96 -121 -147 38 -178 -94 176 -220 -183 -98 59 103 -36 241 -237 -21 198 242 -16 194 -61 116 -197 87 -103 47 182 104 -48 -198 -55 -182 6 249 -47 172 43 -31 141 -111 -164 236 -159 167 71 -126 -156 -33 -141 -172 144 -173 92 -60 -97 155 196 -13 -17 217 98 21 25 -71 54 216 -130 125 -135 -4 -24 -187 105 222 160 -110 -193 7 64 171 61 1 161 -63 -229 -19 199 158 124 20 31 9 -102 -99 16 3 -244 -142 -28 223 175 93 -25 -125 -212 -170 -106 -41 -214 94 28 -242 -196 212 192 -100 -200 -143 76 35 -136 246 -45 -101 151 208 147 214 -218 -49 -22 -224 115 106 209 142 133 -44 -234 -236 73 51 55 137 -158 -209 17 -118 -128 247 -113 -122 -74 121 107 -6 -115 4 -181 117 50 80 195 -54 -231 45 -85 205 -180 178 -12 58 -32 -53 78 75 -42 233 143 -171 148 -123 200 113 -177 210 95 -179 14 157 30 100 -144 -93 139 -246 163 -207 42 -221 -210 88 60 191 -15 -132 -57 -11 2 134 -43 48 187 -233 -18 -107 226 -202 -58 91 -91 -238 -194 -186 -62 77 193 41 201 122 111 109 -215 86 -79 -133 -213 238 -8 -86 56 211 19 -140 65 -2 -223 227 -189 -14 203 81 5 206 168 -204 166 96 145 213 -26 -145 -39 -9 72 -83 -114 -199 -235 162 110 -175 229 0 -166 215 -165 181 -227 33 32 218 74 204 188 234 245 -151 -134 190 18 -138 169 -208 174 159 150 -5 -88 -226 -69 -250 -38 -203 -46 8 10 -76 -174 164 102 165 -95 -20 -205 
TEST 5 ARG:213 -82 132 -79 211 193 146 143 -228 -178 -193 -70 -204 -126 126 -42 127 125 242 -137 -101 117 89 179 157 5 77 -242 37 205 120 198 25 -221 6 130 -190 20 -207 113 28 222 -29 -75 184 -175 64 141 -13 27 149 -48 -157 147 -121 22 154 -5 131 -109 59 -191 -52 -232 -115 -135 -183 -45 -33 -140 66 119 -173 140 162 -209 -233 -153 75 161 -218 163 -6 -47 -64 137 -76 244 114 223 -202 108 -129 219 49 234 -141 181 44 188 84 3 218 -176 21 79 -10 133 -127 17 -14 -26 -55 129 -206 -15 -91 -231 -34 24 -17 -196 63 -235 -234 68 -171 86 -217 -203 -103 14 144 103 191 -133 128 -37 55 -139 -205 -117 -90 -39 -213 106 -59 -216 148 -168 -200 -27 -150 136 -250 167 -92 -57 -174 92 -239 -224 -11 -143 -160 -240 187 39 -96 -149 224 110 56 -84 -211 178 202 160 -185 1 -134 206 -144 -31 190 -156 51 199 9 19 195 169 182 220 99 173 65 241 -195 -40 -246 174 104 -110 -104 -130 200 -43 -106 -7 85 -85 139 35 72 -9 201 13 231 -62 -88 112 97 -158 105 -247 -24 239 192 -226 -41 -58 156 168 -123 -81 -124 41 -12 -38 180 -80 109 -208 47 -94 240 209 115 -108 226 82 87 60 121 -215 71 70 230 100 7 8 212 -145 116 155 61 245 26 94 -212 186 134 -237 207 228 15 -50 -151 248 96 74 118 -95 142 249 -166 83 43 185 164 -118 34 -30 -53 -83 122 -21 -74 236 -165 -244 107 -136 189 215 135 -107 76 -32 -180 -163 -19 11 -73 -65 172 166 62 -56 153 -113 -220 -223 -142 -122 -61 95 -93 -194 -114 -128 -210 -112 -187 -214 -179 -68 -100 81 232 -229 54 -67 -164 29 40 2 -148 -16 177 -1 243 -87 138 67 -98 -102 150 175 -86 -125 23 -71 -227 90 165 -63 -105 -116 88 -167 -22 -198 152 -162 -161 -138 -146 -222 -230 111 -78 -36 -25 124 247 238 -132 4 194 208 102 -177 -159 -111 221 36 38 216 -249 227 233 -219 -199 -243 -155 80 -184 18 -35 -66 -225 101 -152 58 197 235 42 158 46 -192 -72 0 -3 203 -248 -154 229 159 -188 52 -170 -99 -197 32 -69 -54 -182 -44 123 204 -89 30 214 -119 33 170 -238 183 237 91 10 217 -186 176 31 -46 -4 -169 98 -131 -181 -201 -60 50 -18 -2 -77 225 246 -172 93 145 -8 -147 196 -97 16 -189 -241 -51 -20 151 12 45 73 78 -236 -120 -245 48 210 57 69 -28 -49 -23 171 53 
TEST 6 ARG:20 217 118 -126 79 151 -22 212 216 -62 195 2 -92 174 100 -121 178 128 25 -37 179 57 10 13 236 -30 -15 171 120 35 141 -171 -216 93 72 -55 -162 241 33 247 227 -12 150 -205 11 -97 -182 -110 -178 192 196 145 166 157 -124 201 -138 134 -173 -56 -48 69 -71 -133 74 -104 214 -159 97 -108 125 176 -186 -142 243 183 -27 -101 -35 61 43 53 -87 -179 -76 244 -141 71 -119 -228 -206 -148 -66 146 -163 198 -170 -189 230 182 4 -224 73 70 -245 121 224 123 -208 -75 -175 -218 169 -13 -78 -96 -74 -112 -39 46 205 99 -118 55 240 -9 -24 208 -147 -154 -14 -169 -207 21 65 126 -194 -174 158 92 -91 -93 88 1 156 -111 -184 -83 -51 -197 -123 -73 98 137 -90 173 117 -153 -227 -160 76 -46 -211 193 143 225 -232 68 -214 45 139 -68 32 -235 -185 34 -143 63 165 5 -120 229 -187 -237 -95 49 226 -155 -233 -176 238 124 113 31 -203 132 106 30 -150 -103 -16 -18 -226 -59 172 209 131 -7 -47 -210 -131 -244 -88 155 129 89 27 122 75 -33 234 -222 -229 0 -31 -10 -146 -217 -196 -225 220 -49 103 86 -132 -25 -40 -240 148 -246 26 -144 -209 22 -79 96 -2 -44 219 104 235 6 -156 -53 228 -107 105 239 -161 9 159 115 -135 -223 67 -200 206 185 -19 127 133 -236 -213 -4 109 -106 164 -65 44 147 -26 -188 223 16 58 -80 28 -127 81 -177 108 160 168 194 112 -86 -50 -28 -215 29 18 -29 204 -3 245 203 -128 197 17 -113 -94 142 60 -20 51 -139 -72 87 -157 36 3 -152 -231 187 -61 66 91 -234 232 -167 52 138 -220 90 -54 110 -201 -195 -21 -45 -242 231 -17 233 85 119 -140 -38 162 199 -36 94 -238 -11 24 -248 -180 62 -82 37 59 40 50 -114 54 248 -42 -23 181 -70 47 -8 7 -149 144 -52 -84 -130 -60 -77 202 -249 -57 246 180 -193 80 189 184 -63 190 -183 153 -250 23 152 -100 -102 211 213 -172 130 177 -239 -109 8 -32 188 14 186 -34 140 -151 64 -117 -221 -6 -199 -243 77 102 114 12 -64 -165 218 -98 -58 -69 -116 210 200 161 154 -5 -191 -241 191 -247 135 -192 78 83 15 170 -134 19 -1 48 149 -129 -81 56 -202 107 116 222 -125 -212 136 167 111 221 -166 -85 -158 38 215 95 207 -181 -145 39 237 101 163 42 -168 -99 84 -122 175 -164 -230 -41 -43 -198 82 -105 41 -67 -136 -89 242 -115 -190 -204 -219 249 -137 
TEST 7 ARG:238 -134 -123 -125 -249 214 -103 206 159 128 -60 157 6 29 167 -250 78 163 234 124 173 72 11 142 89 158 -217 -6 -195 -167 14 -173 -212 195 -232 -181 -155 -74 -223 244 -12 -205 -247 99 -53 130 110 -54 -137 -29 -57 -8 105 202 -99 -236 -234 -185 -116 92 -165 -142 69 109 62 -216 235 84 135 -78 224 27 -141 228 -15 147 -10 -104 -208 205 -58 46 -166 90 121 -22 -171 164 185 49 -89 132 -84 160 204 -82 181 55 229 162 -119 -162 -106 -156 -7 -56 82 -63 231 57 -226 -112 73 -176 -187 95 50 178 -114 -161 -24 -143 -186 161 -109 -140 16 -228 -80 67 213 -5 -20 21 131 -62 68 80 184 127 190 180 150 212 243 -172 114 -73 -83 236 175 9 98 -240 -153 201 -115 148 -213 -157 -44 44 -180 -227 -163 172 248 -188 111 -133 104 -55 134 219 -179 199 -225 -39 -70 144 33 -215 -191 7 85 24 64 -75 -31 -88 245 153 -32 -23 41 166 32 45 -189 -219 196 174 145 -235 -207 -183 43 -129 -197 3 -239 -11 -69 -87 176 -71 -9 -93 220 -41 -108 183 56 123 61 129 94 -4 66 -204 -190 -206 118 246 -201 -128 53 230 59 -229 -148 112 242 20 -14 221 107 -18 222 5 -110 -35 -37 -244 -178 96 -34 79 -95 249 116 60 197 186 -169 -221 -120 193 31 -67 -68 77 0 -214 -152 -150 -40 -51 146 -198 165 -124 48 191 86 -231 -19 -138 10 -159 51 97 -94 -48 208 -118 -45 -194 119 35 -46 63 -43 -154 -52 207 -30 70 133 216 189 192 232 13 17 -127 -85 83 225 -97 218 -3 187 139 115 -91 226 237 -98 -26 179 136 188 -230 26 137 203 122 22 54 76 -168 -2 -222 -77 52 -202 210 138 -177 108 239 -102 -144 -105 -64 -170 -17 -182 -113 -248 -79 -117 140 141 -36 65 18 215 -131 -38 75 -16 -200 19 -50 88 12 240 -193 -135 -237 -59 47 91 2 103 30 151 -209 170 209 -243 102 -122 -151 -211 233 -101 152 149 247 155 -136 -1 -132 -90 168 23 -72 -210 143 -13 40 -196 177 -174 -224 -146 39 37 -111 227 120 1 211 -49 169 -25 -76 -192 25 241 100 -66 -149 34 -33 125 156 -61 200 28 -92 -121 -107 93 -147 38 87 -218 217 -81 -233 -158 113 42 -245 81 182 -241 -145 106 -47 -96 117 154 198 74 194 -203 -238 4 -21 -130 -160 -100 -246 171 -242 -199 8 58 -175 -86 -164 -42 36 -27 -139 101 -220 -126 126 -65 71 -184 15 223 -28 
TEST 8 ARG:-4 59 -164 -210 232 -63 11 199 -30 97 -16 -71 -194 157 188 72 -176 113 -135 -76 -68 -146 8 213 77 -228 -70 -125 197 181 152 -221 203 -160 200 -191 -103 33 -38 -244 132 16 101 142 96 -137 -188 198 -59 103 105 27 92 65 -156 -90 -209 179 -163 107 99 20 196 119 -238 -158 -212 -15 49 -181 187 -19 176 177 -227 158 39 67 -53 163 123 -141 -123 248 214 79 -167 -92 36 224 104 -247 -91 206 38 118 231 -127 56 -229 0 125 222 -47 -175 212 111 12 235 133 209 55 -187 -96 -214 173 145 233 -132 -172 160 32 -9 -87 -20 -77 76 -3 175 87 -143 -173 68 -154 -185 -110 95 115 164 193 218 -232 136 204 51 156 21 -81 17 130 -179 162 -108 -231 -109 66 -32 -197 -220 -133 -248 -241 -8 -144 246 -66 -153 -104 182 -159 -18 -174 137 -11 80 26 -157 -136 117 -73 127 143 -121 -75 -10 147 -180 -21 -54 -246 -65 82 -36 -84 -233 35 -168 -102 86 41 -115 -34 237 -234 151 116 159 -17 -211 -206 -200 84 -26 64 227 -79 -226 216 148 -190 -201 61 165 167 183 249 -42 54 -83 -106 -6 57 -198 -182 -22 -41 -245 -2 -195 -215 -224 135 109 2 -118 -128 46 -131 -170 3 229 -62 28 121 -129 144 245 -99 -149 -230 234 -33 149 -67 -93 -208 -51 -86 44 -69 93 -142 170 -1 191 178 146 -126 168 -217 -29 -192 52 -150 207 185 40 161 120 -5 31 220 226 45 -72 -43 -225 169 247 106 -152 225 230 15 69 78 -35 -243 -122 98 37 -183 172 -235 -28 -78 -202 25 -85 -222 -155 73 -112 -7 94 129 -117 -171 5 -55 -57 211 -145 -60 -204 -169 -52 90 195 47 -134 -45 91 124 -148 -193 -196 14 -223 -186 215 -242 -100 70 83 112 34 -48 43 -23 60 174 194 100 -37 -113 -27 190 180 -249 244 -236 -13 29 -74 171 202 208 -31 -114 -239 62 -184 -219 -207 -98 110 221 88 -61 -178 141 -46 75 155 -138 -44 -250 81 63 -205 -199 140 228 -119 236 184 22 -58 -166 13 -25 -218 150 122 85 217 4 241 166 -101 -24 50 210 -89 134 23 -88 24 -95 239 -107 -151 138 53 243 -130 -94 240 -111 -50 -14 -116 205 -213 -64 71 -162 114 154 153 42 223 238 -124 -216 -140 10 139 -82 189 -105 -203 -39 30 48 7 -139 -147 -97 128 58 6 -56 -177 1 -12 -80 126 242 201 -240 9 -120 108 -189 -49 19 219 -237 131 74 89 102 -165 -161 192 186 18 -40 
TEST 9 ARG:-190 236 186 199 -104 154 156 -47 12 -26 -183 -38 2 -242 -144 129 -60 -54 132 93 108 -90 114 245 -163 -171 -21 -150 -141 -77 81 223 -239 119 32 208 -165 -15 -18 -115 146 31 -3 -117 -207 -16 44 -58 -232 -230 -120 0 41 76 -105 227 -130 37 -229 221 90 -116 202 17 -195 50 -114 121 180 95 244 -94 -235 139 -59 126 170 246 152 -9 7 75 85 -192 -52 79 172 -82 195 222 210 -125 -145 -63 -39 -214 -166 179 -162 -203 -200 151 61 67 -189 55 -75 175 -80 -220 -67 10 -55 -57 30 56 6 -188 241 -197 -32 87 91 -181 80 104 -217 -109 141 160 34 211 -2 -5 21 -179 -24 240 -11 -87 -152 -53 194 -30 -182 -172 38 69 -12 -7 217 54 -88 96 -96 212 173 -208 16 19 -49 -211 58 -149 -71 74 94 53 -170 105 3 150 185 143 -206 -62 193 249 -233 -193 -43 -202 177 39 191 243 -98 142 99 103 -205 112 71 128 36 -219 60 -93 -221 155 158 28 -74 218 235 -78 -113 -247 248 20 247 -83 -127 64 -50 213 201 219 46 174 -156 35 190 14 -8 206 165 -111 92 -240 -61 82 -101 166 -112 197 230 -70 40 188 -91 -234 -161 -13 237 161 189 73 153 125 -180 -218 -20 -119 231 -4 -215 -137 22 88 9 220 -108 1 -175 137 -79 109 -213 -212 -231 -245 86 -216 102 63 209 138 -223 184 57 120 83 -131 -92 -107 -41 130 -241 26 -151 65 -118 -250 176 131 -86 -187 -89 233 242 -110 145 148 144 -246 18 -42 226 -244 -146 140 111 171 97 -177 -81 -122 -227 -196 -40 -48 -173 -97 196 106 84 225 162 -25 48 -126 136 -23 -100 164 -19 -69 59 -243 229 -132 -103 15 -204 187 -157 135 -155 11 122 -248 113 -56 -210 33 52 -31 66 127 8 -14 -176 -76 100 -129 204 62 -148 -33 -51 -46 5 228 -140 -29 23 -167 13 -84 -68 70 -35 72 98 124 -222 -158 -185 43 -6 -174 -65 -64 -237 42 -34 -153 134 -37 -136 118 238 51 -160 -169 -22 232 -184 -85 181 -225 -143 -27 -17 234 -154 49 78 -44 -106 -73 -1 -99 182 -36 -198 169 45 115 -66 29 239 123 -164 4 -226 -201 -128 168 207 -249 133 68 -121 -186 110 -123 -191 -10 149 163 117 216 116 200 -224 -209 -124 -194 -95 -45 -178 178 205 159 -142 -236 214 -139 -135 183 101 107 203 157 224 25 215 24 -238 -199 -72 77 -147 147 -228 -168 -138 -28 -102 -134 27 192 198 89 -133 -159 47 167 
TEST 10 ARG:108 81 194 216 -45 -229 -157 91 124 123 4 132 -244 78 141 -100 -82 -195 -9 48 79 -180 72 -222 11 -175 -50 -55 107 231 -215 247 177 -18 115 27 -203 -211 -42 69 77 -205 142 -133 16 -23 -154 173 -204 -33 102 201 151 94 71 -2 -120 -24 37 158 -164 13 -72 134 -129 14 26 -97 -128 222 -7 -74 232 -78 -40 -235 -8 -151 15 -58 -29 -224 -189 59 -106 159 140 51 -57 -155 193 -239 -86 -12 -179 -26 -161 -130 118 49 85 -216 -228 63 25 -135 73 131 -63 236 -150 -172 82 -158 84 -83 176 -240 -134 -80 179 127 -96 -242 154 -206 -98 189 83 -162 -153 -92 -65 -70 100 93 248 41 -101 157 -30 18 76 -60 228 172 156 40 233 148 146 -241 -227 -197 198 206 -94 75 -64 161 8 205 106 -34 -165 -22 -178 226 169 -124 66 -93 215 143 -207 114 54 5 -159 36 219 167 223 61 183 -181 190 -116 209 246 225 227 191 -66 -73 -246 -123 56 -245 238 186 235 -249 -99 109 39 -21 181 -199 98 52 -202 -52 -4 -115 120 89 165 -87 -19 212 197 -145 -68 68 22 -148 -243 136 95 99 -168 -102 239 162 152 -90 -49 -89 -212 19 200 -177 50 -48 -17 -44 224 21 -69 7 -111 204 -110 240 130 218 -218 230 38 196 113 -186 -88 -112 -185 249 135 -56 -209 -32 104 -221 -121 237 -13 180 241 -201 -109 164 -139 220 -248 -11 160 58 20 -247 -77 -28 -137 112 -36 -104 -149 243 9 133 -76 -35 121 97 53 92 3 242 -236 -210 29 -31 -108 166 -54 -136 -38 1 122 211 -191 -37 -214 6 90 -6 46 -182 103 -196 42 221 -15 -75 147 -140 192 -25 139 -119 -1 187 33 -3 74 174 -46 -226 168 -219 -43 35 -213 137 -105 110 57 -85 210 217 -166 23 -144 2 24 150 12 119 -146 65 0 -233 70 -192 -250 -67 -71 -225 182 -184 64 195 -200 -208 -5 -170 -217 101 -125 229 -183 -152 -169 -122 163 -14 111 -27 -176 -61 214 86 188 -193 -143 67 -187 -142 -41 -39 -167 -171 62 213 -188 88 -163 184 -127 -47 -220 80 234 -147 149 -237 44 144 -91 17 105 -230 245 -234 -138 -174 96 -107 87 170 -95 10 -51 126 43 129 47 -113 -16 -59 185 -117 -126 60 -79 -231 202 155 116 -20 -132 30 45 55 175 -10 31 -160 145 -118 -156 138 -53 -62 153 -232 32 -190 199 -194 128 28 -173 244 -131 -84 -141 178 117 171 34 207 203 125 -223 -198 -114 -238 -81 -103 208 
TEST 11 ARG:192 -130 83 3 104 -244 -124 86 -99 39 -210 -195 -88 175 182 -178 158 -157 62 29 -214 201 -190 -108 195 218 58 166 161 -49 -207 -9 228 181 95 -32 -62 -69 -147 -63 -136 88 18 25 73 56 -61 -35 239 167 -79 247 129 27 23 -203 -164 -67 89 232 -167 -28 -209 -205 249 60 135 127 233 -247 130 219 -113 -10 245 134 -83 -179 -29 141 172 -58 -135 206 34 -92 -168 151 160 -215 -243 -175 137 -169 -41 -4 -115 -131 -64 98 -128 -160 106 -201 -117 -120 78 -45 -1 -241 190 103 189 55 -144 112 246 145 96 168 -194 97 -161 109 -225 136 150 8 101 -155 67 -235 -213 -198 -11 -94 -126 -76 -100 -85 -89 -163 210 50 229 10 -22 -216 -196 6 32 -54 -96 -110 221 -242 119 -149 -171 -234 128 74 -111 244 -221 237 -152 -134 31 33 -141 148 -31 -228 203 -156 132 -250 193 -218 -173 140 -153 -6 -40 204 174 -68 -52 -186 -180 -222 187 0 165 9 -65 208 -90 24 -138 -25 -3 107 234 -77 -129 -27 164 91 207 51 -30 -202 154 231 -133 7 -200 241 -127 -104 76 -125 108 72 81 -204 123 -97 -246 -112 152 -239 5 82 -170 -36 41 -183 -86 248 -177 116 169 118 -132 -21 71 79 -158 -66 -219 -53 102 -106 -159 238 188 -17 -55 184 -217 -107 -59 147 11 -12 49 -105 -166 -57 196 -188 133 -248 90 -199 -193 -42 -165 124 -23 -72 -224 -182 80 -78 -146 240 -14 110 -18 69 -139 93 46 -8 -231 211 94 4 15 -184 -16 183 1 142 171 -98 100 126 225 226 -197 42 77 117 -162 153 180 194 21 12 -137 -122 -103 48 235 178 -44 -70 99 105 92 35 -48 157 22 163 -102 -19 -81 224 138 159 215 -143 -2 -38 53 170 -51 28 47 214 177 63 38 -26 -176 45 -20 -249 26 -123 -189 -142 -206 -119 20 19 125 13 -39 -212 149 -226 -237 173 -232 -46 -34 179 59 209 -220 65 87 30 61 -240 198 -192 75 -7 199 -87 120 236 -80 40 -174 -185 217 200 -71 -13 -172 111 -47 -208 176 -60 -181 -114 -74 220 -150 16 -84 14 -56 -5 227 52 66 68 191 36 212 -140 156 37 131 -229 57 -109 -24 -191 115 -145 84 -151 205 143 139 122 -15 2 -93 44 -95 -227 -43 202 155 -187 121 -82 -116 -211 70 223 -245 146 216 114 -223 -75 162 144 43 -37 -118 -148 242 -91 -121 243 -238 -236 -73 185 -50 -154 230 113 -233 54 197 -230 213 186 -101 17 64 85 -33 222 
TEST 12 ARG:146 -106 85 -49 -64 159 -239 -33 -119 -77 -181 74 16 124 14 -126 101 -129 -132 109 184 -30 -211 148 135 -193 204 163 21 -95 37 -248 233 40 -13 -15 212 105 -21 239 214 111 136 -89 -136 -228 41 -3 60 207 -249 162 -171 -101 -154 -99 -80 15 -84 33 128 83 167 90 -122 -194 -229 -169 65 149 -158 -243 -36 125 57 -238 49 -88 -151 47 -168 53 39 119 -197 69 -137 -46 197 -221 50 -152 9 -157 -35 112 177 -31 155 -235 -195 -25 -237 241 -226 -78 -149 -236 -42 144 -59 247 -155 62 -210 -116 150 -5 242 -65 -11 121 54 -20 -233 -124 -187 -205 175 -135 -172 -144 -104 -79 -145 236 133 -54 -109 -91 71 107 7 73 -24 24 91 -227 199 188 -47 -147 44 95 -94 238 -224 -146 -120 4 -111 -156 -69 -61 79 -71 -220 -48 -100 220 161 130 140 56 205 -217 134 195 228 -250 -230 166 -32 198 -67 -160 -113 -208 8 -68 -57 -215 173 45 108 12 1 18 -244 103 -178 -131 43 -202 -18 -28 34 -182 59 76 77 127 70 209 116 -125 -34 30 -159 203 -130 -212 -148 122 143 196 -107 -14 -92 38 5 36 -127 13 -12 -62 99 -63 -166 -170 182 -143 -81 11 -141 3 -165 -108 137 26 190 96 -186 58 -232 -133 -70 -103 66 -161 -4 248 -44 115 245 100 63 -29 -102 72 201 217 -10 -150 29 191 -188 97 -83 174 64 114 142 -240 110 192 -96 -45 -16 158 -53 181 179 -200 -173 -183 -114 219 2 -199 -203 -8 244 224 230 -85 -112 170 -198 -219 129 78 0 218 -139 222 -247 -37 -19 231 154 93 25 -196 -218 88 -201 -241 -43 246 232 202 200 67 186 -87 23 -134 206 -17 138 -180 -98 -41 -142 -222 -52 157 227 -110 221 -153 32 147 210 -191 -93 -223 -176 226 80 -38 -118 153 -189 -185 216 -7 235 -73 -6 106 -39 48 141 -216 94 10 249 -206 61 229 -115 -74 -245 -56 -246 89 19 -140 237 -138 6 183 -22 -214 208 -60 28 -121 -75 -105 -27 -66 189 35 52 215 -207 46 131 194 -192 -40 -123 102 113 -204 -179 -184 -209 68 168 117 -82 -26 84 139 27 -90 187 -55 -177 -23 -234 55 -1 169 -50 -190 -128 17 165 87 193 86 51 104 151 22 240 92 152 20 223 -174 145 171 -167 123 -72 120 -175 176 -164 98 132 160 225 126 -9 185 -2 -231 213 164 -242 -213 234 178 156 -225 42 -76 -86 172 118 -117 75 82 81 -51 31 243 -163 -162 -58 211 -97 180 
